3575,0
3500,0
16437,295744
211,548
1757,19238
3500,0
983,11
3575,0
3575,0
3500,0
3500,0
3575,0
4875,429
3360,0
-296,4950
824,15
3683,353
1504,15
3575,0
2520,4709
2015,86
4913,95
3500,0
3500,0
1676,2239
58,89
3500,0
3475,0
3650,0
3575,0
3360,0
11742,120
6719,22248
833,459
3292,16
1253,918
3660,0
3650,0
3500,0
7385,975
2819,50
3500,0
3500,0
3500,0
3575,0
3575,0
525,22500
2580,610
3500,0
2236,1072
3575,0
3500,0
2459,1000
3650,0
773,606
1367,409
52,192
794,72
4877,401
1563,102
11783,343
-7284,2350
3500,0
3449,1535
827,895
9721,260
3650,0
181,1912
0,3360
2932,791
3575,0
3500,0
583,34066
0,3360
3500,0
7569,36
3575,0
3832,109
1397,298
252,843
4464,300
5437,258
3575,0
3500,0
843,275
3500,0
3500,0
1540,85
3575,0
10373,482
742,58
3500,0
3575,0
1258,221
332,54827
1420,1102
3500,0
3875,0
776,4954
3500,0
728,2413
0,3360
7500,0
3500,0
7200,0
3500,0
3109,145
3360,0
10204,1164
3575,0
3500,0
2181,2010
3500,0
3500,0
358,3479
3266,2248
7200,0
1032,10727
4615,0
3500,0
3650,0
3500,0
1382,195
3575,0
3500,0
3575,0
1690,4230
3500,0
0,7500
1554,-339
2427,408
0,3360
2619,140
3575,0
3500,0
7329,55
3693,0
212,2775
3500,0
3500,0
1619,44
3500,0
-14,107
3426,196
3500,0
4481,64
29470,938
3500,0
0,-720
30,1046
7124,43
3500,0
3215,72
3575,0
1519,1800
3360,0
3360,0
3111,637
3082,150
-3794,31
1719,48
2490,1821
3575,0
3194,50
750,4187
158,151
1173,50034
6508,500
3534,1000
3500,0
1050,0
7016,79
8496,38
2745,0
3500,0
848,8
3500,0
3500,0
3575,0
3575,0
3500,0
177,410
14417,199
8702,0
3500,0
3394,37
8600,36
-9690,0
0,3575
3500,0
2796,18
2822,231
3650,0
-2,8
107,151
3500,0
3500,0
0,3360
3575,0
3575,0
800,2368
3575,0
12494,611
3650,0
2270,27228
3575,0
1916,773
0,3360
3500,0
3500,0
3357,537
3500,0
3500,0
3500,0
3606,385
2459,1000
0,3500
3500,0
608,-788
3575,0
33879,0
3650,0
2459,1000
3500,0
3500,0
3500,0
4056,674
3500,0
2815,1235
1591,4
398,2
3575,0
-280,3500
75,3165
3500,0
2655,600
-88,4108
3500,0
3360,0
3500,0
17846,3
-6456,3
10128,436
3500,0
3500,0
3500,0
3500,0
3825,0
495,260
1873,15
3575,0
3725,0
2408,800
3500,0
1265,77
10724,55
3575,0
3500
3500,0
3500,0
3500,0
6899,146
-168,148
216,11
2345,421
1658,360
3500,0
680,335
3500,0
3875,1248
3575,0
0,7500
2450,2302
3701,2159
3500,0
19290,1831
17498,526
3500,0
2701,194
3500,0
4738,300
1584,662
3650,0
3500,0
3575,0
3399,135
11866,18977
3500,0
3500,0
100,18120
0,3360
3500,0
3500,0
-1631,4004
3500,0
3575,0
47689,633
0,7200
3500,0
351,2800
3500,0
3500,0
3500,0
3500,0
1414,1831
0,0
3500,0
3500,0
2945,297
3575,0
750,0
48009,411
1692,941
3521,26
3575,0
3033,360
3360,0
557,2097
3725,0
159,255
3500,0
2999,575
47,17
36066,170495
2099,654
3500,0
3500,0
3426,634
3500,0
322,333
1031,768
2489,750
370,483
3575,0
372,210
-2614,0
4845,152
3338,100
233,4037
5432,5
3500,0
3500,0
17092,500
-596,4387
4089,0
3500,0
3500,0
3500,0
1210,-70
3575,0
-18,310
3575,0
2368,3
3321,457
2414,304
3500,0
3264,310
3500,0
3650,0
3500,0
3575,0
3500,0
3500,0
-3429,3
3500,0
3575,0
5492,83
3500,0
14374,325
3575,0
2067,224
1408,353
2592,500
22273,1757
3575,0
3500,0
241,217
3500,0
3319,50
0,7500
650,2374
2298,15
3575,0
1446,461
873,1
3500,0
0,0
426,2800
3192,60
0,3360
1166,599
648,139
0,0
64820,2179
1289,86
3575,0
3500,0
434,2684
3575,0
3575,0
3575,0
6985,62
3500,0
130,159
15026,707
3500,0
3538,100
987,19000
3064,95
58670,4677
3312,0
705,1475
3150,0
7200,0
3360,0
828,46
865,29
3500,0
3500,0
2496,468
40455,518
3575,0
2977,25
3500,0
1104,1491
50520,3070
0,3360
3575,0
2640,80
560,3000
3500,0
3650,0
2972,178
3500,0
3575,0
3500,0
3500,0
1033,11431
3459,1000
7500,0
3500,0
15,72
0,3360
2543,50
660,252
3575,0
2741,150
3575,0
3500,0
3575,0
2596,33
3500,0
1475,875
0,0
3500,0
50255,4044
3500,0
3360,0
3500,0
1198,285
3500,0
800,2368
3500,0
3290,85
3360,0
3575,0
2574,982
3575,0
3500,0
1118,5454
3721,20
0,3504
2722,230
3575,0
4252,3307
3650,0
3500,0
3500,0
3075,12
0,3500
0,3500
7200,0
3575,365
1272,0
7200,0
3500,0
0,3575
54,2875
0,3575
1992,3130
3575,0
3575,0
5225,247
2426,1081
3025,587
3575,0
5829,565
9193,1622
1000,2725
3575,0
625,6853
0,3500
2650,800
9175,0
2200,5000
0,3575
196,9425
13,4370
2750,0
0,3500
0,35974
30855,97
7054,6999
0,3575
939,950
1493,3300
3725,0
5750,326
0,3575
0,3500
2547,300
500,3075
3650,0
3360,0
3500,0
3725,414
642,79
3500,0
7200,0
0,3500
0,3650
3500,0
2000,1575
4445,410
0,3500
3650,0
3500,0
575,2020
1669,6816
1209,2
3650,0
2241,0
375,748
3360,0
3500,0
3500,0
3650,0
143,1118
3424,2100
0,3650
0,3575
0,3500
4257,2701
124,2500
3500,0
3575,0
289,1713
2364,877
347,33
5861,106
0,3582
0,3575
200,3250
8175,1621
4350,27
3360,0
3500,0
3500,0
0,3500
3575,0
3500,0
3360,0
3500,0
3150,1296
1690,-114
0,3500
0,3500
3360,0
3575,0
266,-16
3750,40
36700,521
3129,212
8702,105
85,7288
0,3500
3450,0
3600,116
9798,111
3575,0
285,3075
15949,1276
0,3575
3500,0
8962,853
3500,0
1,505
3950,370
339,0
3000,815
78,1700
99,6832
0,3432
0,3375
2275,1532
19060,2292
3650,0
0,3360
0,3500
14516,756
75,600
2925,395
3500,0
6960,86
4950,174
24933,3500
327,1650
3500,0
10571,469
3500,0
6,56328
0,3500
4087,6362
0,3650
3600,671
6650,1861
2834,149
0,3500
0,3575
2255,3080
2850,200
11000,427
3680,2902
0,3500
3500,0
0,3500
0,3575
14809,570
3500,0
505,3650
29978,334
379,3154
13,17975
13172,528
2860,500
3650,0
0,3500
0,3575
1999,110
537,3853
3500,0
0,3500
0,3575
3575,0
334,1375
755,2050
2650,800
0,3500
0,3575
412,2800
3500,0
0,3575
0,3500
2150,285
2900,125
330,452
0,3360
603,3500
3500,0
5640,115
12475,5
3500,0
3500,0
3500,0
4175,340
3575,0
0,3500
2582,837
3525,0
1114,1450
3500,0
45729,1791
0,3500
144,306
490,1500
346,365
7363,351
199,4225
10549,254
0,3500
3500,0
0,3500
0,3500
5975,42
0,3500
3214,3636
14949,34
3575,0
5,20575
659,1675
3360,0
98,2375
3800,0
4750,169
281,3550
4100,170
3500,0
3500,0
8869,49
3500,0
150,3250
3500,0
3500,0
3500,0
3500,0
3575,0
3575,0
3500,0
0,3575
3150,150
4081,2
1725,1600
3694,338
50,3100
0,3500
0,3500
3500,0
0,3500
103,160
0,3575
0,2455
3500,0
0,3500
3575,0
9733,1360
3875,530
2256,0
4564,45
33,75
2275,166
3500,0
3575,0
16481,828
3360,0
0,3360
3500,0
0,3500
1025,20125
0,3500
3500,0
4427,412
3575,0
0,3500
0,3500
3500,0
0,3575
1831,44891
0,4401
3072,1865
3575,0
0,3500
0,3575
13448,25
3500,0
3500,0
117,2287
3360,0
0,3500
3500,0
3575,0
1799,509
0,3500
0,2925
215,1638
3575,0
1009,481
0,3375
3360,0
1500,1860
0,2675
0,3500
725,533
103,2725
0,3575
254,60
-350,41
0,7200
0,3500
5,411
0,3800
5598,465
3575,0
1598,250
3500,0
3360,0
3500,0
3867,615
2360,1000
6800,8285
1842,1144
3500,0
1325,1161
0,3575
0,3500
3500,0
0,3500
1844,1399
1908,300
2575,202
10444,37
3500,0
0,3500
0,3575
5887,227
0,3500
17,250
3798,29
2938,219
0,3500
487,3875
0,3500
301,18681
600,2975
0,3650
18593,380
300,3300
0,3500
2750,11
0,3500
1942,2706
2124,100020
1070,1600
428,125
225,650
0,3500
3500,0
170,2490
3575,0
3500,0
3725,0
3575,0
0,3500
3650,0
0,3500
418,6326
3650,256
0,3500
1837,3
3500,0
1175,73
0,3575
90,4680
210,2904
3575,0
183,3350
0,3725
300,-2
655,72
3700,1695
0,3500
3875,136
0,3360
1885,1075
2368,800
0,3500
910,1241
3650,0
300,2875
364,14635
540,1
0,3500
15535,434
16498,115
3500,0
0,3500
0,3500
3500,0
1325,108
3258,115
17,-37349
0,3360
0,3725
3025,250
300,1995
3725,0
0,3500
3900,99
59,2977
0,3500
0,3360
1575,296
124,3732
0,3500
4303,62513
3725,515
432,19536
3725,44
1411,3350
3500,0
0,3500
3575,0
237,3650
3500,0
3375,0
525,2650
3500,0
3360,0
7200,0
5193,54
3050,175
3575,0
3500,0
185,-261
3360,0
500,300
1305,3875
3975,0
679,750
0,3500
3500,0
2225,1735
468,150
3575,0
2800,725
3500,0
3321,963
15774,562
631,2725
4250,284
0,3500
3575,0
7173,258
149,34526
0,3500
2575,1000
3500,0
4847,11
1662,701
1350,2200
3500,0
3350,151
34677,172
3500,0
0,3500
0,3500
1000,775
1400,42931
0,3500
3500,0
263,5320
38,3950
0,2496
-141880,95893
3375,0
0,3575
0,3360
0,3500
964,3689
0,3500
0,3500
0,0
3500,0
3500,0
3575,7442
358,671
3500,0
567,3358
3360,0
3875,516
3575,0
3450,0
3800,0
6559,929
0,3575
0,3500
3575,0
254,709
4475,71
2300,215
3650,0
3875,895
0,3500
0,3360
3650,0
0,7500
574,6602
0,3650
3500,0
3904,481
6425,78
3500,0
1200,138
838,4675
1775,306
3725,0
3500,0
2737,135
3964,3000
3700,0
0,3435
3500,0
2984,1151
44,4575
300,2654
3500,0
88,17327
78400,70875
3575,0
800,2368
3500,0
656,2373
3500,0
0,3500
3,3100
2650,800
-1350,8589
10000,71178
3750,5
770,500
0,3575
3500,0
1719,0
0,3575
150,2874
4550,0
4310,229
21558,-6600
1743,87
3500,0
3516,24
903,-4000
0,3432
0,3500
3575,0
3500,0
3500,0
3500,0
0,3500
1350,44
1776,1178
-4232,3608
3775,0
0,3360
3800,16805
7200,0
0,3360
3500,0
25900,2006
3575,0
2625,777
3500,0
375,4
3575,0
2447,633
3650,0
3500,0
1020,74956
0,3500
3500,0
1764,188
937,610
2500,1000
0,3575
2575,349
4173,0
931,772
3500,0
6912,0
3575,0
25,2010
3500,0
0,3500
905,3650
1119,84
13118,657
3500,0
3575,0
8225,1231
3575,0
-1,2286
0,3500
7318,31
21569,308
31614,256
3208,1081
0,3575
4726,55
40,4183
0,3500
0,7200
300,0
150,0
3450,137
0,3500
3575,0
0,3650
2346,1350
-50,700
3500,0
9648,2331
0,3500
0,3500
0,3500
100,1314
256,8515
25,3
-2437,132
0,3575
0,3575
290,12855
-163,74
3500,0
118009,-118251
3500,0
1188,4050
1753,298
0,1475
8900,84
8475,6570
5,2725
84,5377
3575,0
0,7200
3500,0
850,24
3575,0
91465,471
3500,0
189,725
59,3150
3000,181
4148,68
3500,0
3500,0
0,3500
1056,207
3725,0
0,3500
0,3500
0,3575
0,3650
3500,0
192,1882
-775,766
200,2968
3500,0
0,-8167
3472,-139
0,3575
3500,0
3500,0
0,3575
9851,279
1219,4518
0,3127
0,3875
0,3500
0,3575
0,3650
544,2675
3575,0
655,2028
3360,0
16225,57
21,2552
3360,0
2177,150
7500,0
1599,-6278
13,1482
1075,2500
9776,1238
3500,0
12,2973
0,3500
0,3360
1920,3283
2359,1000
10025,3064
0,3500
3500,0
2625,94
4878,340
2949,0
3500,0
3500,9991
41,583
2445,0
68,244
-3925,1711
646,3525
11,3777
3500,0
66,3487
3575,0
0,6523
3625,680
1950,607
0,3500
829,2625
0,3575
11091,60
0,3575
19634,25
3075,150
1922,96
945,206050
44,-3
3075,150
0,3575
993,875
544,90
3500,0
3575,0
3500,-140
1810,400
3725,0
237,19565
5000,172
2150,740
1936,1747
3500,0
1569,5225
50,1725
3725,0
0,3500
0,3500
6700,500
3500,0
3575,0
3575,0
175,3575
622,512
463,3750
0,3500
0,3575
0,3500
3500,0
17,675
3575,0
750,6088
80,75
3650,0
0,3500
612,19275
3575,0
1950,72
0,2880
0,3500
3500,0
0,3500
3500,0
2539,72
0,3575
0,3575
3500,0
1704,6207
2247,4086
2050,253
3500,0
1056,3401
337,5505
0,3800
3575,0
0,3800
3500,0
3300,141
55,2835
0,3360
2393,158
3500,0
0,4926
-2000,0
0,3500
3500,0
0,3500
0,3360
0,3575
6001,149
3575,0
0,3500
15,4100
3575,0
2125,2191
3857,200
470,4152
426,11353
0,29945476
3500,0
3575,0
3375,0
0,-3775
-683,1128
0,3500
3875,459
8565,82
4450,34013
2000,0
3850,220
300,6708
718,100
0,3575
122,3610
3350,100
400,3325
3650,545
3500,0
292,2375
3500,0
0,3500
472,3300
3500,0
3500,0
3225,0
0,3575
0,3500
1,525
575,624
0,3500
3500,0
0,3575
2999,650
347,17253
0,3500
3500,0
3360,0
303,1391
739,5398
3500,0
1716,2103
-9625,112
-318,583
3452,62
3575,0
3725,312
0,3500
2358,44361
0,3575
3500,0
659,3700
2043,26477
482,3725
50135,4459
14259,1160
3500,0
2551,424
2103,663
3575,0
3500,0
3650,0
839,2085
331,3200
-1,266
5015,614
3500,0
0,3575
0,3500
3650,0
0,3575
192,6431
4725,282
3575,0
0,3575
3500,0
0,1025
2554,1300
23777,74
3500,0
8002,59
0,3500
0,3500
0,3575
3500,0
0,3500
17558,719
0,3575
3075,139
4300,658
2300,339
125,850
390,362
2725,210
0,3650
0,3500
3500,0
1367,4075
0,3575
0,3500
879,4007
3575,0
3500,0
2838,204
2,-3459
3875,0
225,3325
3575,0
3575,0
86,19626
3500,0
300,1355
0,3650
1957,27280
3235,150
3500,0
3504,0
3500,0
150,500
3575,0
3,5900
125,150
1582,50
22,150
0,3575
3575,0
907,1244
0,3500
2100,457
1008,142889
3500,0
0,3575
0,3500
3500,0
16,525
1725,600
335,92
4931,4875
3500,0
3575,0
4175,1050
0,3500
3500,0
3435,0
536,400
0,3579
187,2529
3875,0
-13997,1306
28,6659
3650,400
3650,0
4875,0
3406,13
3575,0
-989,179
8240,1374
3226,1205
13152,242
2950,362
0,3650
3500,0
4496,99
0,3800
3575,0
0,3575
0,3500
6508,-1190449
0,3575
64,700
0,3500
3500,0
3575,0
0,3575
373,30104
0,3575
3575,0
166,51
-361,425
690,2585
3625,65
0,3360
9849,139
0,3600
0,942
0,3725
4300,1323
101993,3942
0,3500
18070,1766
3575,0
3500,0
0,3500
1128,3175
1127,-85
0,3575
3575,0
0,3575
1370,1750
3500,0
0,3575
3575,0
0,3575
0,3500
143,2859
442,865
0,3500
3650,137
3021,51
0,3575
0,3360
71576,-505
573,4775
0,3360
-5450,15
0,3500
3500,0
0,3360
3650,0
1150,-416
115,3150
105,2025
3500,0
190,50729
4025,1179
892,75
0,3500
0,7200
3500,0
0,3500
0,2945
3360,0
125,3125
-140,3500
3500,0
0,3500
3575,0
0,3575
3500,0
3500,0
3575,0
300,3000
8750,226
4325,1044
3500,0
7200,0
3575,0
3575,0
3575,0
708,900
3275,100
3500,0
0,3500
3225,106
1050,0
3500,0
2,443
3575,0
2742,66
3500,0
3500,0
698,10084
117,2750
3500,0
3575,0
-104003,550011
2691,268
0,4075
81,3059
0,3650
-8383,0
-354,1152
0,3360
0,1600
125,100
2525,170
325,0
3575,0
3500,0
447,3342
2844,3042
0,3575
0,3507
0,216
3275,2258
0,3500
3575,0
5162,209
3500,0
0,3500
3275,0
3650,0
0,3500
3650,0
0,3575
521,68431
3500,0
0,3500
0,3360
3500,0
4693,942
0,3575
16204,1893
3500,0
16800,0
118,2600
3575,0
0,3500
18296,671
385,93
3500,0
2286,3800
2430,2850
1882,930
914,496
773,2529
3500,0
91,3495
7200,0
3575,0
1125,5530
0,3360
4795,115
72,3025
3425,0
3500,0
17697,28
-23470,378562
3500,0
6108,15
1640,75
298,6661
1000,2500
3575,0
13851,411
3500,0
1250,1630
-171,4260
0,3575
0,3500
36,4990
58813,2454
6771,-47
0,3500
221,1626
67,1654
0,3725
0,3800
0,3575
3500,0
0,3500
0,3575
0,7200
3575,0
2466,594
1650,200
3360,0
3500,0
300,3525
265,13822
544,67281
2242,236
3575,0
1276,0
0,3360
0,3500
3575,0
0,3500
14127,499
3575,0
121036,1308
3650,0
120,1833
0,3500
0,3575
2041,14631
3575,0
2935,150
0,3575
800,2129
3575,0
515,3725
0,3500
0,3500
3500,0
3500,0
390,3194
0,3500
3500,0
3275,100
3575,0
15517,2655
0,3575
0,3500
9,130
3683,217
3500,0
3650,0
0,3500
375,3300
0,3360
12563,234
1825,937
175,875
0,325
2123,53
32940,60
6800,2550
0,3725
719,159171
0,3500
3374,1694
3600,32
139975,1250
500,3150
3575,0
76,3260
3575,0
28300,65
28,-500
800,2650
0,3500
-4962,208
1418,2685
3500,0
47,448
3500,0
741,2800
3650,315
1066,2900
6655,212
340,4855
2250,29540
3500,0
2875,51
0,3575
3575,0
2800,531
3575,0
0,3500
0,3500
-71,5201
3500,0
-17162,1369
4832,1548
6432,61
2136,483
1944,13
0,3725
6916,0
0,3550
6891,115
3500,0
-140,3500
6162,44076
3500,0
3500,0
3250,154
2350,678
2821,106
19988,-949
3575,44750
3500,0
7500,0
3150,316
12478,95
9,536
10422,779
0,3875
0,3575
240,3092
3575,0
3500,0
0,3500
3650,0
3500,0
3575,0
3575,0
1885,160
3650,0
0,4025
3575,0
1736,4600
3575,0
0,3575
3500,0
3678,5341
0,3858
3575,0
2292,192012
2875,2
2230,75
-124,3081
1910,280
100,125
7500,0
3800,0
3500,0
3575,0
0,3725
2215,304
0,3500
3500,-140
1625,1515
500,2950
3360,0
25333,331
800,2575
857,4540
56528,411
1834,562
0,3575
319,21531
0,3500
0,3500
3510,0
3500,0
2492,-145120
240,2575
190,181
128,15376
0,3500
0,3575
0,5300
1900,829
0,3500
0,3500
-234,2887
635,2262
3575,0
0,3575
31,3250
1182,6
-273,4087
0,3500
3650,0
3500,0
0,3432
2725,437
4758,243
3309,1262
-13258,1141
3500,0
0,3500
0,3575
4550,75
0,0
11300,534
3500,0
0,3575
3575,0
3500,0
3500,0
0,3606
975,275
0,3500
88,5715
11075,468
2725,30800
7200,0
1140,1175
3625,240
3575,0
0,3500
0,3360
7200,0
1885,0
0,3500
6720,0
0,3500
3050,350
174,1624
5054,24104
133575,54240
3650,50
501,22973
3500,0
112,80
0,3500
3500,0
387,16876
300,3252
-57991,2595
3575,0
2699,1326
-6137,3411
0,3576
3500,0
0,3500
725,155
40,10715
0,3575
3575,287
535,806
198,-265
2725,600
275,182
3500,0
15504,45
155,3575
201,523
73429,-31977
3575,0
3575,0
152856,488
0,3225
3500,0
373,60438
0,3500
500,2950
3575,0
3500,0
655,2425
0,3500
0,3500
616,15933
3652,0
9964,556
4003725,50000
3500,0
1235,5730
0,3575
182,1107
46096,0
0,3507
0,3500
1425,60
369,193
595,899
0,3500
16230,870
0,3500
2650,70
0,544
0,3500
3575,0
0,3360
485,133
0,3500
0,3500
0,3500
3500,0
3500,0
895,605
0,3500
547,682
0,3360
0,3500
3500,0
0,3575
9912,302
10212,4469
6460,-259
0,2171
3575,0
4034,664
1206,409
2880,327
3500,0
3650,0
421,4415
2525,800
0,3500
3575,0
3650,0
0,3500
650,133
3500,0
1034,1683
8203,83
0,3500
3375,135
3500,0
0,3500
4192,44
35,2400
0,3500
0,3500
0,3500
3432,0
4664,123
0,3500
0,3500
3504,0
3500,0
3500,0
1,3075
3500,0
3600,0
0,3500
0,3500
0,3500
0,3500
2260,423
3475,19
261,6923
3500,0
3500,0
3500,0
6873,26
159,-2383
0,3500
2293,275
3500,0
182,13052
3500,0
3500,0
3575,0
2025,15000
3575,0
3500,0
3725,0
3100,150
0,3575
3575,0
75,262
153,150
7200,0
3500,0
3966,195
0,3500
3575,0
982,162
0,3360
4201,3600
3360,0
0,3500
17,2300
0,3500
0,3500
0,3500
0,3725
0,3500
0,3360
2591,952
3275,35
4661,15
3575,0
18137,1289
408,5263
27,634
0,3500
3575,0
3424,185
0,3657
3504,0
0,3500
-260,1363
228,3700
3500,0
0,3500
88055,117
0,3360
1113,3891
1060,3221
7500,0
720,3575
2175,300
2427,256
0,3500
-1361,1955
420,600
3575,0
2000,6250
3100,35
125,1172
3500,0
830,-132
0,3500
3500,0
1942,5
1223,279
3167,25
190,331
3575,0
2575,175
3650,855
439,3000
0,3500
3500,0
477,4876
3500,-140
0,3500
1515,600
0,3575
3500,0
1229,150
3500,0
0,3500
0,3650
0,3800
0,3500
3575,0
26775,52
5075,162
48530,292
0,3379
0,3500
0,3500
0,3575
0,3500
10782,2493
4100,0
3500,0
2184,0
881719900,298
237,2625
0,3500
158,5200
0,3500
3650,0
3575,0
1644,75
3360,0
0,3360
413,937
3500,0
3575,5243
3575,0
0,3360
0,3500
0,3575
0,3725
0,3500
1349,8440
2050,815
2302,2625
3966,2585
3500,0
0,3500
3575,0
3500,0
0,3650
3360,0
2575,1000
1792,777
0,-3077
181,6195
0,3500
241,17500
-19,783
0,225
6603,1082
50,2575
150,0
4950,1216
3575,0
0,3500
3500,0
2650,800
1250,380
0,3500
3500,0
2848,800
3575,0
0,3500
0,3575
-213,236
1112,2507
33,5928
0,3500
3575,0
3575,0
3500,0
13941,530
529,3725
0,3507
460,1525
1591,650
3575,0
11193,727
980,6063
11229,11494
1372,6941
124,24
2575,68
0,3600
0,3360
216,1009
3150,430
0,3500
0,3725
0,3725
3200,19
3500,0
0,3575
0,3575
10007,3875
29,5721
3500,0
3868,58388
2055,10970
7200,0
557,2525
78,-27518
3500,0
2975,-1
12143,19
3500,0
3575,0
3500,0
3575,0
10212,359
3500,0
3500,0
3650,0
0,3500
75,1513
30991,1087
0,3500
3000,725
1364,4
0,3500
4487,405
3500,0
3575,0
2778,133
519,2600
3575,0
3500,0
3360,0
0,3500
253,2389
0,3360
81,389
850,76
1,75
3500,0
3500,0
6275,478
3360,0
408,10975
3500,0
0,3500
3500,0
0,3500
68,4050
3650,0
3725,0
3650,0
36864,10772
6684,891
-3425,1290
0,1037
44671,699
2300,106
1364,1336
75,1071
3360,0
0,3500
3225,0
834,-48
1336,2763
3500,0
3150,300
692,2650
1450,1207
94,1518
0,3500
3650,32907
1426,4275
140,9181
3450,110
400,2650
3575,0
75,20
3500,0
1600,2420
3500,0
0,3575
103,554
110,2700
1370,362
400,663
0,3500
263,275
875,838
0,3500
0,3500
2264,905
261,6397
3500,0
253,9371
3029,92
0,3500
2160,731
4906,50623
3575,0
1419,86
3646,225
1339,7308
39,600
0,3500
50,2000
3465,350
4100,1205
0,3500
1056,1950
485,225
3600,0
3375,159
3500,0
684,18853
500,5389
0,3500
3360,0
2025,1097
5,2586
1250,1931
765,525
2859,827
3050,22
3500,0
3875,50
3100,0
0,3500
813,6560
3575,0
0,3500
3500,0
6046,3650
17834,1720
3901,2067
11335,1795
3735,0
3360,0
0,3500
41,3918
900,1525
0,3500
0,-859
721,-850
3500,0
170,3299
7200,0
0,3500
2947,8
2650,233
3500,0
3500,0
-1250,423
187,885
5445,940
0,3360
0,86
0,3875
7037,446
0,3500
3500,0
39,1125
109,3250
0,3575
280,652
0,3575
9208,243
-1090143,99418582
3500,0
3500,0
4100,669
143,2875
955,3800
3500,0
0,2225
4811,270
88,7832
534,7178
3575,11569
0,1842
10906,294
125,271
0,3500
1659,240
169,3550
0,3500
72,-505
1721,710
0,3360
3575,0
0,3500
0,3500
247,1482
550,2775
3500,0
0,3575
3575,0
15850,-1481
0,3500
3500,0
52,75
3575,0
2498,3641
8798,144
545,440
7457,-27
2647,11416
3100,104
0,3500
32430,31
3575,0
3500,0
2875,247
-426,4400
3500,0
3360,0
3500,0
65,844
0,3500
50374,1028
0,3400
0,3575
63,9167
0,3575
0,1282
0,3575
2098,1081
500,75
454,28865
3500,0
0,3500
0,3500
2710,1082
3025,100
6718,50
4033,273
3086,25576
35336,20825
-219,576
3300,500
879,2100
0,6002
3650,0
0,3650
24,81907
73,3425
0,3575
3175,31
100,1220
797,72
0,3500
3575,0
0,3725
1775,847
160,273
0,3500
-525,5965
3575,0
178,2035
629,1975
3500,0
0,3575
0,3500
3575,0
975,43
3500,0
0,3575
0,3575
0,3500
15,0
3575,0
3875,0
3500,0
3500,0
3360,0
63,2986
174,3725
3500,0
95,1976
450,2575
0,3500
2020,146
3500,0
3500,0
6635,0
1075,327
0,3500
0,3500
14556,240
90310,24
825,37
0,3500
3360,0
3500,0
2,160
3136,12
3575,0
3360,0
3500,0
3360,0
0,3500
412,15915
0,3168
3500,0
3500,0
0,3500
171,1025
378,3800
154600,20616
3500,0
6950,5737
3500,0
0,2389
46045,143
3500,0
26755,425
0,3575
323,382
3650,759
0,3500
3500,0
3500,0
1197,-3175
3575,0
3123,927
0,3650
3525,0
1444,442
339,3000
0,3500
3575,0
3500,0
18056,1529
0,3500
0,3575
0,3360
0,3500
1400,3020
-6100,1121
0,3500
3575,0
46556,80
318,2725
3500,0
8809,2113
3141,1060
2775,100
209,4568
2118,10
3025,878
271,6886
11141,67
3500,0
390,4649
3575,0
3575,0
110,4025
-300,7
3500,0
23400,250
0,3360
3360,0
0,3360
0,3500
3500,0
0,3500
2675,600
0,3500
0,3500
0,3575
0,3500
335,3700
3600,50
3575,74
3500,0
0,3725
3575,360
370,3575
6906,59
761,538
13778,413
0,3575
484,650
0,3360
35,7150
21594,9
250,2650
0,3575
46,7495
3500,0
-1393,41
3575,0
62535,20528
0,3500
3575,0
10,4500
0,3500
160,2071
0,3500
0,2725
2527,131
59,738
3500,0
501,6275
0,3500
3500,0
0,3500
3360,0
3432,0
3575,0
0,3500
0,3650
0,3500
150,3426
0,7200
3183,55
3075,0
54,275
0,3500
4616,1653
3650,0
1331,75
3579,520
3650,390
1625,15
3575,0
11382,483
0,3500
5380,24905
0,3500
0,3500
3500,0
3175,200
-88,2200
0,1198
0,3500
0,7200
0,3435
3500,0
0,3500
7400,710
697,3318
0,3500
3773,217
5375,333
475,357
0,12913
367,2061
8920,975
3225,0
3575,0
4743,1405
3650,0
3550,100
4021,3600
3575,0
77,7400
291,3075
6807,240
307,1527
2112,4148
435,1389
59536,96725
3650,0
3500,0
0,3725
1843,948
4400,0
3360,0
0,3650
0,3575
2368,557
921,3600
17879,937
1317,3150
0,3307
0,3500
0,3650
0,3575
0,3500
3500,0
4014,-134
3575,0
0,3500
2725,1604
821,1407
38,300
3755,759
203,509
3500,0
1787,604
0,3500
3650,0
2242,-194
0,3500
-100,2500
17,2623
3075,500
3500,0
0,3500
3500,0
3560,18875
0,3500
15,1144
0,3500
150,944
2425,0
0,3575
2100,456
0,3500
3275,50
0,3500
6160,45925
285,2950
3792,486
3500,0
200,-4264
3575,0
7,341
0,3360
3575,0
3252,3575
3292,154
3500,0
1730,-29
3650,0
3650,0
21776,194
4275,68
3500,0
0,3575
3500,0
3725,0
0,3360
3360,0
15815,0
3432,0
0,652
3500,0
3725,0
714,3625
3100,350
1850,79
5730,961
7813,76653
465,736
450,4607
3650,0
25403,75
3575,0
3500,0
0,4025
3810,1200
0,3575
3575,0
1825,121
3360,0
3500,0
0,3575
20,75
3408,492
6857,3750
8533,6296
3575,0
75,1425
0,3500
781,2725
21835,2099
8666,84
3500,0
647,2447
2940,1900
3575,0
0,3500
0,3500
3360,0
0,0
0,3500
450,2650
6651,0
2953,790
4957,-29
30034,6757
300,18845
0,3575
18132,874
3475,100
3500,0
3325,200
75,150
3360,0
0,7200
3600,0
7200,0
750,1293
0,3575
24850,9763
12146,44
3875,0
56294,1542
690,2230
2950,243
3227,150
23942,3575
325,3800
3500,0
2899,0
0,3500
2085,2125
3500,312312
0,3500
3575,0
0,3360
100,107
0,3500
7100,462
3360,0
0,3500
3575,0
3500,0
3500,0
3575,0
1589,1405
866,1650
1285,1575
1598,24
0,3500
9634,64
3500,0
0,3575
3500,0
6701,609
150,624
7200,0
3500,0
2500,180
555,2575
2150,1625
4995,37
0,3500
19984,370
0,3500
2825,28
2878,3875
9400,523
141,950
0,3650
1163,5414
3500,0
0,3360
0,7200
5400,3238
0,3500
3360,0
40,3343
-95,1650
3675,24
656,1923
3360,0
2295,25
3575,0
471,3800
0,3725
2510,150
3225,118
7200,0
0,3500
3500,0
677,16987
0,3500
0,3725
1716,2625
0,3500
7200,0
8189,794
3575,0
0,5353
2875,102
3500,0
3575,0
3800,0
1850,175
990,1882
0,3500
0,3500
0,3800
200,3375
745,21532
1468,2725
2725,726
194,3201
0,3500
1038,4635
2800,253
29,-10273
3007,0
0,3575
3575,0
3500,0
185,65850
0,3500
123,3125
3500,0
0,3500
158,284
3500,0
400,204
0,3500
3575,0
3153,12879
3500,0
0,3500
3650,0
0,3500
982,0
8117,99
3500,0
375,3199
6033,839
3575,0
-12135,611
178,3675
0,3500
0,3500
0,3360
3500,0
0,3500
0,3575
3168,0
3500,0
0,3500
4525,151
46241,975
1116,4373
1119,805
3575,0
3500,0
0,3575
3225,428
1642,250
390,0
3575,0
3950,12
-340,8500
0,4025
25,2625
650,6527
3110,0
0,3575
0,3575
3500,0
11598,303
3575,0
3650,0
0,3500
12509,953
3575,0
-1,14
3500,0
3500,0
536,3042
0,3575
2675,218
3575,0
390,3250
0,3575
0,3500
1512,30037
3500,0
0,3360
3360,0
2522,17864
3575,0
3500,0
0,3725
12407,2039
0,3360
3575,0
3416,1857
2475,423
3575,0
0,3360
3575,0
0,3500
13697,2705
14632,12
235,-63
0,3500
0,3575
3850,100
18043,1344
0,3500
0,3575
75,2223
23519,2361
3500,0
3249,5
8175,45
3575,0
651,1476
3360,0
1,2375
3800,0
0,3500
3800,0
0,3360
3582,0
2236,972
450,3000
617,750
57,2800
3575,0
1382,4499
0,-9983
667,1485
3500,0
0,3575
0,3500
3575,0
1045,2550
11375,76
7200,0
3575,0
755,5898
48117,3052
242,661
82,5050
3500,0
79,0
961,2650
0,3360
3575,0
32,3435
3500,0
0,3500
0,3575
3500,0
3575,0
3575,0
0,3500
3650,0
3575,0
0,3500
382,1081
392,36165
3500,0
0,3575
3500,0
300,2575
3500,0
2725,902
7085,473
1356,229
3360,0
0,3575
3575,0
0,3500
0,3500
86,77
0,3360
250,1935
0,3500
0,-2662
13794,101
2025,1650
0,3500
0,3150
3500,0
475,298
5931,108
1201,7316
300,45
8401,2174
0,3575
3500,0
4900,46
2960,650
101,-7893
1915,2950
3500,0
3179,0
2875,891
1162,19863
232,2750
0,3575
3360,0
7,846
35,3386
0,3500
3500,0
220,6845
3700,0
3575,0
4561,32775
251,6698
408,3175
16449,0
3507,0
3500,0
3100,770
3650,0
6821,808
0,3500
0,3500
20727,3
3650,0
200,2752
0,3500
3500,0
2225,5239
3500,0
2650,700
1900,2255
59332,274
0,3575
29,-1500
0,3575
1800,11
2650,0
-130,3250
126,138
621,21480
3500,0
8,4425
0,3500
0,3500
0,3500
3575,0
350,185
0,3500
25,5480
3500,0
14253,785
0,3575
1575,1800
3500,0
3500,0
3650,0
3575,0
751,6060
13238,21996
3500,0
3500,0
-531,776
3500,75
4493,-180
7200,0
7405,302
85,20772
3360,0
3500,0
506,22136
8034,334
250,3150
0,3500
0,3575
3500,0
1450,2725
2700,800
3500,0
3500,0
0,3500
0,3500
211,228
335,200
2375,456
363,4575
706,2750
0,3500
3038,404
9765,295
50,3250
3575,0
707,1291
0,3650
0,3575
3575,0
3575,0
-20021,3760
166,10095
3650,0
113,8938
3325,50
3575,0
3575,0
233,137
3575,0
0,204
373,2474
0,3500
236,3062
74,3285
3500,593
0,3575
3500,0
0,3500
34,145
3575,0
0,3500
0,3500
0,3500
3575,0
3500,0
22766,991
0,3500
3150,76
9928,155
250,1650
3575,0
725,1425
3500,0
496,4225
175,478
85,1809
0,3500
988,8950
66,146
80,4050
3875,600
3500,0
1072,39
0,3500
1016,79
925,2387
0,3500
9594,41
0,3500
3500,0
0,3575
0,3500
3360,0
2050,398
11,2750
66,29
0,3575
0,3500
568,54898
3360,0
7555,504
5375,1
0,3360
2913,488
7200,0
3500,0
0,3500
485,6391
75,22459
3500,0
2926,26544
0,3500
0,3500
7022,600
0,3500
2557,1745
3432,0
-1327,3
3340,854
404,4711
3500,0
3500,0
3575,0
7893,344
0,4179
3425,635
171,6456
788,3820
3500,0
3575,0
2575,650
0,3500
3575,0
110,3025
6720,0
3500,0
0,3500
508494,-47758
0,3500
735,2650
2685,-18879
1352,-10375
3500,0
3500,0
3500,0
5467,739
0,3575
7200,0
1025,0
4218,298
4259,100
1521,1936
36,550
1680,370
0,3575
781,5027
150,197
68,2900
0,3500
716,3235
114,375
3507,0
9105,575
3500,0
0,3500
2206,128
0,375
3650,0
5229,176
3360,0
3575,0
8952,641
1650,290
3500,0
610,300
3500,0
35,3454
3575,0
5707,645
3500,0
81,3425
3500,0
1763,156
300,0
66,1275
3360,0
0,3650
144,9914
105,221
3500,0
3575,0
3500,0
2752,50
3425,100
386,6294
1950,2473
304,4770
3800,99
125,25
0,3360
0,3500
150,41
3500,0
3500,0
-14,241
6208,800
67,1103
7760,6
3500,0
3500,0
59776,50
475,444
3650,0
3575,0
3500,0
2575,650
3575,0
12159,72
3025,0
3575,0
0,3500
5,6632
205,2747
108,345
344,3125
2650,0
3500,0
747,1025
91416,150
0,3500
3500,0
0,3500
133,6322
3500,0
0,3575
3500,0
0,3500
3651,0
155,9076
3575,165
9406,906
11675,643
3475,78
1892,677
3500,0
3575,0
0,2950
-20472,1079
3950,0
0,3360
20,8399
496,-3200
0,3500
0,3575
0,3500
0,3575
220,15080
3575,0
2350,43067
-7415,199
3500,0
3500,0
2800,500
102,2
1615,3950
0,3500
0,3500
3000,103
0,3500
0,3500
0,3575
0,3360
2873,163
0,3500
3500,0
90,2975
0,3500
1950,364
77,5033
0,3500
3650,645
0,7200
1000,0
0,3500
0,3500
3850,200
11362,0
0,3500
3360,0
3148,4643
277,1279
1474,574
0,3500
3575,0
6963,300
0,3500
2070,90
8484,371
0,3360
3950,0
0,3500
306,0
400,482
0,3360
0,3500
154,620
0,3500
34,635
0,3500
3500,0
3500,0
0,3575
91113,-1547
3075,500
11056,3557
3500,0
125,1151
2953,193
-87867,1215
3500,0
478,21
76,150
2575,141
3500,0
3500,0
7274,317
435,6910
0,3500
3500,0
3500,0
17319,1258
0,3575
3575,0
0,3500
3053,173
20094,5380
5363,0
274,2725
3575,31
3500,0
1525,1575
0,3360
2084,1579
3800,0
-90,98
3152,40
3225,177
0,3510
7500,0
102,1174
0,3575
597,1445
8375,43
286,11599
3575,0
1000,2500
3575,0
2950,981
0,3500
3575,0
3575,0
3500,0
3360,0
1292,3875
3500,0
0,3575
2119,0
709,3925
6549,596
3500,0
2558,80
2688,0
185,282944
3575,0
3800,0
0,3575
0,3500
950,39
4538,96
-15102,4
0,3500
0,3575
3500,0
0,3500
3500,0
19,0
0,3500
3000,8
3575,0
12982,288
3594,137
3650,0
0,3575
0,3500
0,0
0,3575
1793,32792
0,3575
3500,0
3500,0
3500,0
3575,0
0,3575
0,3500
0,3500
27558,5197
0,3575
4075,100
2485,71814
0,3500
3575,0
3575,0
0,3575
3650,0
4000,402
3500,0
150,26
35135,81
3500,0
-5567,1502
610,2625
3500,0
0,3500
1260,322
3575,0
3575,0
93,1670
2400,273
3500,0
310,31
254,2292
1327,32047
0,3500
-5028,474
0,3575
0,3575
3500,0
0,3950
0,3300
3500,0
-1875,453
0,3575
61,3572
0,3500
977,0
0,3575
0,3575
0,3500
3500,0
4025,100
0,3650
5560,4575
27,75
0,3575
0,3500
0,3500
3500,0
0,3500
225,2725
350,4155
0,3500
3500,0
3650,0
3650,0
3575,0
3725,0
0,3500
0,3360
11,7498
0,3575
3575,0
0,3500
3800,0
-10075,1109
0,3500
1775,533
0,3500
4025,1475
838,2678
2850,57
0,3500
-19588,1451
0,3575
0,3500
0,3650
385,20
50,2525
1000,100
26,5700
-1025,0
3575,0
0,3500
1729,2926
593,7400
0,3575
0,3500
5595,0
275,3325
3575,0
3500,0
0,3500
3500,0
526,736
2575,0
0,3575
0,3575
3500,0
0,3500
0,3500
3650,0
552,951
3575,0
0,3500
0,3575
2200,2106
0,3650
-275,0
3650,0
3575,0
0,3650
0,3650
26,3550
3220,75
-2530,0
3500,0
3500,0
3575,0
0,0
0,3575
3500,0
1766,812
3500,0
1717,32
2575,300
3500,0
3575,0
0,3500
3500,0
0,3500
0,3500
0,3575
0,3575
3650,0
3775,588
3500,0
70,3175
0,3500
3575,0
0,2900
5600,335
0,0
3500,0
20200,3500
42,17867
3500,0
3575,0
3500,0
3483,53
0,3575
3650,0
3500,0
3500,0
3360,0
3575,0
0,3575
0,44
230,2400
3350,100
3575,0
2650,1765
90,2550
0,3500
0,3875
3575,0
1875,10
3500,0
0,3500
3500,0
0,3575
3575,0
1000,46
0,3500
3650,0
0,3500
146,5231
0,3500
3725,0
3500,0
3575,0
0,0
7200,0
3500,0
143,711
1829,2675
3500,0
3500,0
3500,0
-67150,0
3800,0
1856,0
3725,0
-1750,185
3500,0
0,3800
1243,300
1025,0
3500,0
0,3500
0,3500
3575,0
0,3500
-5809,489
0,3575
3300,105
800,2916
0,3360
0,3800
3500,0
0,3500
0,3575
5667,235
4325,0
3575,0
8610,65
4560,775
2350,0
0,3725
0,3500
0,887
3575,0
3600,16
3500,0
2171,908
419,233
0,3575
3500,0
75,140
0,3500
66516,61850
0,1575
371,3125
2250,331
3500,0
0,0
3575,0
0,3575
3575,0
3775,100
350,250
0,3575
558,4035
3575,0
0,0
0,11203
278,0
813,2225
1108,2600
19608,6
3500,0
96,4894
3500,0
3575,0
0,3575
0,3575
3650,0
3500,0
750,9
869,13363
150,250
584,-2319
0,3575
336,5091
3575,0
3500,0
3575,0
0,3500
3500,0
8343,77
0,3650
400,2725
0,3500
1195,2950
7,-275
4025,0
0,3650
-4246,591
0,3575
0,3500
0,0
3200,585
3575,0
2061,61435
3500,0
62199,575
0,3500
3500,0
3500,0
0,3500
3500,0
0,10575
7008,0
200,1727
3198,44
2725,800
0,3500
2125,1
0,3500
3500,0
0,3800
945,842
0,2173
0,3575
3500,0
0,3500
123,2425
166,-20
957,50
3950,706
0,5863
0,3575
0,3500
380,7894
542,1929
0,3500
500,-22096
3500,0
9330,51
0,3500
2575,1467
3500,0
3500,0
0,3500
3500,0
3575,0
3575,0
3150,500
6082,1122
0,3360
0,3575
0,3575
0,3575
3543,1828
3500
3725,0
0,3500
3575,0
3575,0
926,780
3725,0
625,200
25,300
3328,178
0,3575
544,-275
3500,0
0,3575
0,3500
0,3575
3500,0
499,25451
3500,0
0,3575
1988,275
0,3500
697,614
3825,127
0,3650
3500,0
0,3500
1775,0
0,3500
0,3500
0,3575
2700,87
0,3575
3575,0
0,3575
3500,0
0,3500
3500,0
3500,0
-3691,4
0,3575
1540,61388
0,3500
7919,159
-122,1221
0,1118
89,4280
0,3575
3575,0
0,3500
4400,16
0,3575
3500,0
1008,71
0,0
529,5064
784,300
10367,1118
3500,0
37,300
3575,0
3500
3800,0
3575,0
0,3500
22759,3
3350,0
5000,380
3450,0
0,3600
0,3575
3500,0
50,4150
2775,194
978,3025
0,3500
-3,52
3500,0
737,1395
2832,600
1571,1918
4821,0
3650,0
3575,0
0,3500
7300,657
0,3650
0,3650
1800,130
0,3500
3575,0
3500,0
125,0
3500,0
8213,15978
3575,0
0,3500
597,2913
3500,0
0,3575
35,76
-9,144
0,3800
0,3575
0,3575
3575,0
25,0
0,3725
0,3500
1797,525
4662,925
3500,0
126,-175
0,3500
125,0
0,3360
3575,0
3467,120385
87,9703
3500,0
3650,0
8100,425
0,3500
3575,0
0,3500
0,3575
0,2587
3500,0
3500,0
3500,0
3575,0
3575,0
65,2600
3575,0
125,1239
0,3500
3500
3500,0
2800,529
-50,0
29,3607
344,4498
3500,0
0,3500
4135,0
3500,0
3575,0
9090,374
50,3400
2875,981
3575,0
0,3500
98,600
3650,0
-3625,0
3500,0
3650,0
587,26
3500,0
3650,0
3500,0
0,3360
3575,0
200,0
3500,0
1500,3950
804,2075
210,3525
778,34537
225,100
3500,0
3500,0
0,3575
0,3650
1875,69
3500,0
6366,195
-3090,200
0,3575
3500,0
368,4800
3500,0
3400,476
1084,2836
3207,350
3575,0
0,3575
3400,250
3320,727
3500,0
3591,11487
0,3650
3500,0
0,3500
0,3500
128,875
3575,0
0,3575
0,3500
3500,0
1410,10160
0,3500
6556,1432
-1400,522
3575,0
5500,400
3575,0
828,4800
1175,0
0,444
3500,0
3500,0
0,3500
853,4400
0,3575
1604,22476
3650,0
3650,0
0,3500
3575,0
0,3575
3575,0
3500,0
3500,0
-2332,0
1875,0
3650,0
8171,-290397
0,3500
3650,0
128,3129
230,-1259
75,3984
3575,0
4547,958
-199,40
3575,0
13999,39
3500,0
921,2725
3575,0
0,3650
3575,0
4250,0
0,0
3500,0
0,3500
3500,0
3100,265
569,2732
301,7050
146157,527
2650,58
3700,911
2616,527
340,-1297
328,494
2650,1000
584,122
3575,0
3575,0
0,3500
7200,0
40030,7659
2225,750
3575,0
1596,350
0,-2182
2216,317
0,12447
4729,194
3575,0
0,3575
0,3500
101,8125
3575,0
3800,0
0,3500
-412,502
0,3500
3500,0
6799,1186
3575,0
1567,2736
3025,165
465,3454
0,3360
3500,0
3500,0
3500,0
17101,1404
3500,0
0,3500
-1773,101
2500,1000
1770,461
2395,131
0,3650
2211,1633
0,3575
2650,1000
3575,0
0,1508
0,3500
0,3500
275,60
0,3500
0,3500
3000,500
3500,0
582,6504
3575,0
3575,0
3500,0
2022,162
3650,0
2575,1000
3500,0
661,9383
24126,5286
0,3575
380,39105
3500,0
0,3500
0,3575
786,3375
0,3500
366,-19015
3500,0
29773,2324
0,3575
0,3500
216,0
2242,3950
0,3575
3575,0
0,3500
0,3360
0,3500
3500,0
1704,649
9314,-1050
3500,0
200,3600
0,3375
3825,472
2725,105
916,1625
0,3575
3500,0
1100430,-493275
100,0
0,3500
3575,0
0,3575
3500,0
13711,14
12868,1564
2,-659
631,2875
3575,0
0,7200
0,3575
3575,0
0,174
648,3525
1983,1054
3625,386
33,3215
800,-46
1160,4916
0,-1034
-4325,0
3175,147
90,3700
3500,0
0,3575
0,3575
968,1753
3575,0
3360,0
4042,24
2700,626
0,3500
3575,0
614,6544
3307,353
17000,196
350,8500
3500,0
10911,37
3575,0
104,1115
3500,0
7200,0
3500,0
0,-287
0,3575
41,2991
7500,0
317,25916
3500,0
696,1336
7200,0
0,3500
5967,91
0,3360
-134,-3156
2075,86
0,3575
3725,450
1290,232
0,3500
0,3575
3950,0
495,0
0,3500
3500,0
1280,-3125
104,2128
5427,379
3500,0
0,3360
0,3500
3500,0
0,0
0,0
3500,0
0,3650
3500,0
3500,0
970,3559
3400,475
2391,1118
30,1125
3650,0
1861,-8025
3650,62
2625,638
5835,690
63593,762
3500,0
1991,262
810,1550
2400,1748
0,3575
4190,1839
650,200
0,0
3500,0
11483,819
871,2405
0,149
3575,0
0,3500
3500,0
0,3500
0,3500
0,3500
3504,0
0,0
3050,1190
0,3575
2565,414
3575,0
3575,0
3575,0
321,150
1497,193
55,1167
5525,21
481,8695
154,1229
2250,24
360,6500
0,3500
-100,259
291,-43873
3650,0
0,3500
347,2113
75,152
3500,0
25,0
0,3650
240,55
15,4374
350,601
38,11633
0,3575
3500,0
3575,0
5700,441
500,800
3500,0
91,76298
1341,916218
727,1050
3200,300
1650,250
77,900
3500,0
3575,0
3360,0
6,3200
3500,0
3725,0
0,0
17674,180
1000,2375
700,100
0,3500
3582,185
3500,0
1025,133
0,3575
-639,283
1290,17855
3400,1417
3575,0
2676,342
0,3575
0,3500
6528,0
22326,-3344
3414,875
5015,491
364,35
3575,0
953,1293
588,2544
7200,0
3725,0
0,3225
5603,1520
240,3500
3500
0,0
3500,0
641,2253
3500,0
75,0
2784,300
0,7500
1082,41
938,4342
3725,0
-288,7185
0,3500
0,3500
3575,0
301,2712
50,0
0,3575
-34770,645
0,0
0,7200
131,-6522
-1,16
14,10349
98,13412
1654,1055
1800,683
3500,0
3,1289
133,552
0,3500
3500,0
0,3575
125,489
3650,0
1360,450
3500,0
3500,0
3000,250
0,3500
229,1442
3575,0
3575,0
0,3360
3500,0
5,-41452
3500,0
3500,0
1977,155
0,144
174,9954
91,3070
0,3575
175,70
3800,1799
3650,0
66,55
3725,0
482,4527
3500,0
0,3360
2179,25284
4788,208
0,3500
3500,0
0,3650
-426,1802
44418,95
810,0
1800,680
3575,0
3575,0
2400,0
5148,415
3500,0
55863,1
700,999
0,3575
2650,724
3513,557
3874,1089
3500,0
992,0
134,7722
0,3650
32855,349
10344,3
3650,0
75,220
0,-1575
60,2200
3500,0
102,3662
0,3700
300,3150
3400,57
2747,13247
180,329
250,1174
0,3360
1874,173
3360,0
6784,92
21834,848
3500,0
51779,1001
3575,0
6785,0
0,3312
150,3050
3423,575
0,3575
3500,0
0,0
3360,0
0,3575
5294,600
1618,361
5643,298
9842,173
7876,620
150,0
5257,284
336,1553
33,46684
395,4375
6545,273
3500,0
301,15550
338,1739
3500,0
0,3432
312,-4497
3500,0
100,59
3500,0
3725,0
0,51
634,0
100,2950
4728,1781
1690,96016
1225,400
3575,0
3517,92
6127,5473
3225,0
1875,1300
0,7200
3250,-130
380,4606
0,4025
0,0
2575,1000
87,850
1542,4258
90,357
305,14561
21,239
-8500,401
0,3500
2875,650
577,5448
46,2825
-1425,29
3084,8
36955,-269
8628,32
832,5620
525,1101
0,7500
16441,6
7725,2196
20993,9712
3650,0
521,-18
3575,0
0,0
3875,0
6208,800
0,3575
760,575
0,3500
5259,502
0,0
2868,300
0,3500
0,0
414,0
175,900
0,0
3500,0
17776,787
825,1075
0,3500
3067,163
0,3575
3500,0
450,2622
250,2729
1233,3400
1500,568
0,3725
0,3500
3925,466
0,3500
3275,0
3500,0
3325,350
10418,595
0,-2340
5302,33785
978,3342
981,-57
0,3725
2009,187
0,0
3575,0
0,3500
180,4582
1485,541
420875,56
3400,64
0,4800
275,1975
6613,2443
0,3575
58,36888
-225,450
1725,51
0,3448
0,3650
1322,0
686,-15529
0,7500
126,34401
149,1075
0,7008
2400,614
2560,30
27737,6929
33,3483
1585668,3038197
3500,0
2197,240
2464,27717
2650,650
0,7200
650,1894
3500,0
11500,698
3500,0
3432,0
235,193
3425,2500
867,11914
171,11946
0,0
4500,2770
-5228,77
375,2858
0,3500
3984,591
5759,7
55,3175
165,2725
0,3575
0,0
3500,505
1161,615
2265,215
0,3500
525,1233
601,951984
0,3500
3575,0
3575,0
0,0
902,1115
3500,0
500,6508
0,0
3333,668
0,0
100,5150
101,346
2394,150
0,3500
0,3575
2691,1070
0,-1576
0,7500
75,0
0,3575
2650,600
-3244,357
1500,2442
757,2369
7200,0
1341,4587
193,917
-7213,6450
10408,41500
0,0
0,-23480
5272,-212
0,74
61,3500
0,75
37538,13879
0,0
-12069,233
5,150
0,0
0,0
2790,-75
0,7200
4239,571
6900,50
68975,148408
3504,14
0,3500
0,3500
943,42
3575,0
0,3500
0,0
-6085,268
300,2575
2,3073
3606,295
0,0
1200,4000
0,3500
3500,0
224,2559
14844,22
0,3500
3575,0
0,0
3575,0
3575,0
1051,3317
6428,291
0,0
5392,775
0,5625
0,3500
3300,0
59871,3354
3547989,471982
7200,0
0,3650
1575,7500
3500,0
367,192
1488,5663
3848,496
200,3750
4402,348
17,-251
3500,0
2100,1421
3650,0
519,1350
3575,0
0,3575
216,6843
462,3225
0,3500
2206,629
9232,0
380,3375
4011,64
2200,1167
7200,0
3500,0
55082,477
3500,0
800,14582
600,0
0,3500
405,2875
2725,1000
0,3500
3500,0
1665,222
3575,0
3575,0
0,3500
3575,0
2414,550
3650,0
3500,338
0,3500
3575,1
3500,0
1021,2550
364,450
0,3500
0,3500
1319,20
-2709,11
2175,853
5914,3890
4943,1625
0,3500
1365,13
0,3500
1664,485
0,3360
900,2450
6194,4
3500,0
8153,0
132,149
3575,0
3500,0
0,3575
1161,251
1731,527
2750,568
0,3575
1013,3125
3500,0
540,30097
3650,0
3575,0
35,36193
3157,250
4745,149
3725,0
0,3500
50,0
0,6488
3650,0
1012,9710
1178,1208
0,3360
0,3875
6383,4180
2,239
5823,491
0,3725
3650,0
1099,725
3575,0
43,945
0,3650
651,15156
0,3500
2725,800
685,22830
1600,398
12596,-29250
3500,0
3575,0
-82,2050
1889,0
2598,153
7200,0
1000,2691
4782,23
3549,69
3500,0
0,3500
0,3500
3800,0
0,3500
8296,596
0,3575
0,3575
11954,1864
3500,0
1800,1442
1731,343
0,3575
3650,0
517,3270
1175,450
0,3500
3575,0
1275,2266
45,5600
0,3575
3500,0
0,3360
3575,0
-1,3
0,3360
0,3500
3725,0
3500,0
3575,242
3625,887
0,-2885
1800,42
0,3500
5793,772
3500,0
1093,-63
3500,0
-390,336
-287,7174
907,3323
0,3500
2355,18600
0,3500
3500,0
0,3575
3500,0
4100,1125
3450,0
5,3625
3575,0
3650,0
3575,0
600,1099
4164,187
3575,0
330,3826
100,2725
0,3650
3500,0
3500,0
84697,1326
-30,353
3500,0
0,3500
0,3500
0,3650
1786,584
3650,0
0,3050
2071,3063
662,8
0,3500
305,40843
215,69
3500,0
3102,1012
296,5228
3575,0
3575,0
3850,51
18061,1785
0,3500
0,3575
0,3500
3500,0
7200,0
3225,255
0,3360
3375,0
16,3350
2690,344
1839,1247
3575,0
0,3575
3500,0
5630,5501
16,7069
0,3575
1300,530
2906,87406
4635,-19584
54,5524
26575,16
1025,200
3575,0
33,32978
975,0
22,250
0,3575
3500
3150,0
0,3500
3500,0
3500,0
3500,0
4,24527
0,0
3500,0
1925,11
2575,3928
316,9
865,3150
3500,0
830,4720
3150,26
0,3500
3175,130
-1897,49297
0,3360
7350,758
169,134
2250,4099
7680,0
3500,0
2575,610
517,22292
104,50
984,1536
3575,751
0,3650
264,2650
0,3500
3403,707
3500,0
0,3500
30,3329
3500,0
3575,0
3575,0
3575,0
0,3500
3500,0
900,1875
5775,403
975,69213
2275,1023
26,3725
410,354
3360,0
0,3360
5561,1535
3500,0
3225,0
274,6927
3650,0
7472,18774
0,3500
44,889
202,4123
0,3575
0,3500
3725,0
3500,0
3500,0
0,3575
3500,0
406,124
0,3500
5415,33
77500,1311
0,3575
0,3360
89,800
300,3575
2105,12703
0,204
0,3382
1600,536
3500,0
418,235
87,2850
3500,0
741,2050
226,26
4179,782
88,225
3800,0
0,3500
3500,0
0,3500
2465,2609
226,354
0,3575
5975,60
3500,0
82,6612
662,6405
3500,0
41,2225
3575,0
3500,0
498,10450
479,769
2875,110
1065,1819
11702,44
0,3575
0,3360
3500,0
2793,106
3225,183
0,3500
3500,0
3500,0
2625,1580
3500,0
3500,0
2400,1292
1075,1488
0,3575
3500,0
3500,0
3500,0
380,3700
0,3500
3500,0
4439,337
0,3600
3375,0
2725,1570
0,3575
3725,0
2,1775
1999,15
3500,0
0,3500
0,3575
3500,0
300,3075
0,3500
26357,648
0,3500
0,3500
183919,4094
90,3375
319,2949
0,3500
3360,0
3575,0
3650,0
-3919,633
3650,0
0,3575
3500,0
3500,0
118,236
59,249
0,3650
2575,750
524,7
3360,0
124,-861
0,3500
3500,0
155,210
1075,600
1950,1123
3650,0
210,1650
3575,0
666,2375
0,3575
3360,0
3575,946
57,10742
1875,1115
0,3500
3575,0
3500,0
75002,745
3500,0
3650,0
2650,800
9687,211
3500,0
2575,300
245,3025
3500,0
127,13420
1244,1575
0,3500
100,3550
552,1350
3650,0
3366,750
300,1278
439,274
1847,1304
3500,0
3575,0
0,3500
3500,0
3575,0
0,3500
4250,152
8101,0
3500,0
2503,276
278,1574
0,3575
3360,0
0,3360
6119,514
416,40
25779,490
3500,0
0,3500
18,482
3575,0
3500,0
5980,3575
0,3500
0,3575
3500,0
3650,0
3275,0
3650,0
145,3725
3575,0
5000,1245
1850,73
-100,1104
0,3500
126,2075
3500,0
281,3025
241,20918
2733,838
1414,796
295,75
3500,0
675,2366
253,-5375
3500,0
41,3300
3875,321
2903,29399
258,4925
1495,216
15,9317
0,3500
3650,360
2430,2483
5947,550
3500,0
3575,0
0,3575
0,3360
409,3175
3575,0
0,3360
-157,1362
694,3250
0,3500
3500,0
3650,0
875,260
0,7200
6011,1034
3500,0
0,3500
2087,700
3575,195
303,-38
1675,320
3500,0
3575,0
115,3425
45,501
3500,0
0,13352
0,3500
75,3300
3650,0
3500,0
0,3500
0,3500
800,2575
0,3500
3075,0
3353,171
3360,0
182,36036
220,2995
3500,0
1178,2775
238,3621
5526,36
3650,0
3575,0
619,11875
2925,1025
3050,275
1990,978
3575,0
3575,0
225,527
3500,0
-7245,396
165,3450
600,3000
3174,1213
0,3575
2807,25
3675,139
3360,0
3500,0
3500,0
0,3500
3725,0
932,-304
3700,611
3500,0
905,73104
3500,0
3500,0
7200,0
1220,3027
693,73
281,4310
0,3575
3500,0
0,3575
1442,1315
100,0
0,3500
0,3575
3375,0
1245,2350
12966,572
0,3500
0,3500
3500,0
592,3025
3092,131
-283,186
0,3575
0,3500
0,0
119,36779
2650,25
3175,400
0,0
155,25
0,3575
0,3500
0,3575
0,3575
0,3500
708,225
0,3575
103,3500
24,2025
0,3575
48527,993
3500,0
5330,1471
970,15199
3300,7
3500,0
184,1457
3575,0
3575,0
0,3575
3650,0
3500,0
2378,537
3500,0
2906,870
-15095,410
90446,185
0,3660
0,4005
3500,0
3500,0
3500,0
26401,0
0,3500
2979,1420
30,-158
1352,92
3500,0
3575,0
3575,0
3500,0
163305,581
0,3500
2619,250
0,3360
47122,2394
350,3154
2968,0
0,3500
2225,150
44601,762
851,55
2276,27
535,1802
3650,0
2076,1082
0,3250
0,3500
0,3500
32,-620
175,3175
52477,931
0,3500
0,225
3025,62
0,3650
20411,-817
335,24638
1010,1404
-353,39
4100,0
176,34768
3500,0
4650,483
1658,1252
2650,650
0,3500
3500,0
0,3650
0,3575
3507,1
3575,0
3475,71
3725,0
4194,3701
304,149
860,2625
3075,468
0,3575
0,46763
6,2375
3825,12685
0,3500
44231,229
3360,0
0,3417
0,3360
2473,-99
0,3725
3500,0
4934,241
0,3575
70,2750
3575,0
3500,-140
3500,0
3500,0
113,2875
3403,4296
16480,896
0,3450
297,13850
150,4498
529,3450
3360,0
1190,89
61,2300
0,3500
3800,0
70,3800
0,3575
4224,5444
3650,0
1150,53
300,1050
1854,3550
738,3402
7200,0
2575,650
0,3525
120,575
3317,-165
0,-7388
0,3435
0,3575
3500,0
1080,43900
13324,91
0,3507
3257,150
273,2575
0,3650
1813,-1
50,118
3575,0
3500,0
0,3360
5442,4759
0,3500
4800,90
3575,0
3500,0
0,2400
0,3575
0,3650
3100,252
3575,0
0,1325
3500,0
3500,0
20,990
0,3500
0,3575
3500,0
0,3500
93605,378
275,3800
1577,3875
3850,14
153,10138
0,3500
3500,0
0,3500
0,3575
3500,0
3598,50
0,3500
160,150
16350,823
4780,27
2543,1075
3575,0
3500,0
0,3500
3277,31633
26478,3813
3650,730
4550,0
3500,0
3500,0
1308,5079
3500,0
3650,0
0,3500
75,3350
3575,0
567,2750
125,11200
3100,1135
0,3360
4375,0
0,3650
3575,0
7936,19
3650,0
3,1168
31543,6284
115,2200
0,3500
3500,0
3500,0
554,22023
1229,6747
0,3950
3069,179
2048,290
0,3360
1989,121
3575,0
230,2150
83,366
48750,1310
3500,0
0,3500
0,3500
621,2433
19152,864
0,3500
4175,0
0,3500
1675,750
3500,0
3500,0
1606477
432340
69286
253737
1212
288359
448129
4835
381196
167078254
105165
133
254
482853
144736
64547
243342
730199
8531421
620500
558988
341925
6325
2850
385695
