3575
3500
16437
211
1757
3500
983
3575
3575
3500
3500
3575
4875
3360
-296
824
3683
1504
3575
2520
2015
4913
3500
3500
1676
58
3500
3475
3650
3575
3360
11742
6719
833
3292
1253
3660
3650
3500
7385
2819
3500
3500
3500
3575
3575
525
2580
3500
2236
3575
3500
2459
3650
773
1367
52
794
4877
1563
11783
-7284
3500
3449
827
9721
3650
181
0
2932
3575
3500
583
0
3500
7569
3575
3832
1397
252
4464
5437
3575
3500
843
3500
3500
1540
3575
10373
742
3500
3575
1258
332
1420
3500
3875
776
3500
728
0
7500
3500
7200
3500
3109
3360
10204
3575
3500
2181
3500
3500
358
3266
7200
1032
4615
3500
3650
3500
1382
3575
3500
3575
1690
3500
0
1554
2427
0
2619
3575
3500
7329
3693
212
3500
3500
1619
3500
-14
3426
3500
4481
29470
3500
0
30
7124
3500
3215
3575
1519
3360
3360
3111
3082
-3794
1719
2490
3575
3194
750
158
1173
6508
3534
3500
1050
7016
8496
2745
3500
848
3500
3500
3575
3575
3500
177
14417
8702
3500
3394
8600
-9690
0
3500
2796
2822
3650
-2
107
3500
3500
0
3575
3575
800
3575
12494
3650
2270
3575
1916
0
3500
3500
3357
3500
3500
3500
3606
2459
0
3500
608
3575
33879
3650
2459
3500
3500
3500
4056
3500
2815
1591
398
3575
-280
75
3500
2655
-88
3500
3360
3500
17846
-6456
10128
3500
3500
3500
3500
3825
495
1873
3575
3725
2408
3500
1265
10724
3575
3500
3500
3500
3500
6899
-168
216
2345
1658
3500
680
3500
3875
3575
0
2450
3701
3500
19290
17498
3500
2701
3500
4738
1584
3650
3500
3575
3399
11866
3500
3500
100
0
3500
3500
-1631
3500
3575
47689
0
3500
351
3500
3500
3500
3500
1414
0
3500
3500
2945
3575
750
48009
1692
3521
3575
3033
3360
557
3725
159
3500
2999
47
36066
2099
3500
3500
3426
3500
322
1031
2489
370
3575
372
-2614
4845
3338
233
5432
3500
3500
17092
-596
4089
3500
3500
3500
1210
3575
-18
3575
2368
3321
2414
3500
3264
3500
3650
3500
3575
3500
3500
-3429
3500
3575
5492
3500
14374
3575
2067
1408
2592
22273
3575
3500
241
3500
3319
0
650
2298
3575
1446
873
3500
0
426
3192
0
1166
648
0
64820
1289
3575
3500
434
3575
3575
3575
6985
3500
130
15026
3500
3538
987
3064
58670
3312
705
3150
7200
3360
828
865
3500
3500
2496
40455
3575
2977
3500
1104
50520
0
3575
2640
560
3500
3650
2972
3500
3575
3500
3500
1033
3459
7500
3500
15
0
2543
660
3575
2741
3575
3500
3575
2596
3500
1475
0
3500
50255
3500
3360
3500
1198
3500
800
3500
3290
3360
3575
2574
3575
3500
1118
3721
0
2722
3575
4252
3650
3500
3500
3075
0
0
7200
3575
1272
7200
3500
0
54
0
1992
3575
3575
5225
2426
3025
3575
5829
9193
1000
3575
625
0
2650
9175
2200
0
196
13
2750
0
0
30855
7054
0
939
1493
3725
5750
0
0
2547
500
3650
3360
3500
3725
642
3500
7200
0
0
3500
2000
4445
0
3650
3500
575
1669
1209
3650
2241
375
3360
3500
3500
3650
143
3424
0
0
0
4257
124
3500
3575
289
2364
347
5861
0
0
200
8175
4350
3360
3500
3500
0
3575
3500
3360
3500
3150
1690
0
0
3360
3575
266
3750
36700
3129
8702
85
0
3450
3600
9798
3575
285
15949
0
3500
8962
3500
1
3950
339
3000
78
99
0
0
2275
19060
3650
0
0
14516
75
2925
3500
6960
4950
24933
327
3500
10571
3500
6
0
4087
0
3600
6650
2834
0
0
2255
2850
11000
3680
0
3500
0
0
14809
3500
505
29978
379
13
13172
2860
3650
0
0
1999
537
3500
0
0
3575
334
755
2650
0
0
412
3500
0
0
2150
2900
330
0
603
3500
5640
12475
3500
3500
3500
4175
3575
0
2582
3525
1114
3500
45729
0
144
490
346
7363
199
10549
0
3500
0
0
5975
0
3214
14949
3575
5
659
3360
98
3800
4750
281
4100
3500
3500
8869
3500
150
3500
3500
3500
3500
3575
3575
3500
0
3150
4081
1725
3694
50
0
0
3500
0
103
0
0
3500
0
3575
9733
3875
2256
4564
33
2275
3500
3575
16481
3360
0
3500
0
1025
0
3500
4427
3575
0
0
3500
0
1831
0
3072
3575
0
0
13448
3500
3500
117
3360
0
3500
3575
1799
0
0
215
3575
1009
0
3360
1500
0
0
725
103
0
254
-350
0
0
5
0
5598
3575
1598
3500
3360
3500
3867
2360
6800
1842
3500
1325
0
0
3500
0
1844
1908
2575
10444
3500
0
0
5887
0
17
3798
2938
0
487
0
301
600
0
18593
300
0
2750
0
1942
2124
1070
428
225
0
3500
170
3575
3500
3725
3575
0
3650
0
418
3650
0
1837
3500
1175
0
90
210
3575
183
0
300
655
3700
0
3875
0
1885
2368
0
910
3650
300
364
540
0
15535
16498
3500
0
0
3500
1325
3258
17
0
0
3025
300
3725
0
3900
59
0
0
1575
124
0
4303
3725
432
3725
1411
3500
0
3575
237
3500
3375
525
3500
3360
7200
5193
3050
3575
3500
185
3360
500
1305
3975
679
0
3500
2225
468
3575
2800
3500
3321
15774
631
4250
0
3575
7173
149
0
2575
3500
4847
1662
1350
3500
3350
34677
3500
0
0
1000
1400
0
3500
263
38
0
-141880
3375
0
0
0
964
0
0
0
3500
3500
3575
358
3500
567
3360
3875
3575
3450
3800
6559
0
0
3575
254
4475
2300
3650
3875
0
0
3650
0
574
0
3500
3904
6425
3500
1200
838
1775
3725
3500
2737
3964
3700
0
3500
2984
44
300
3500
88
78400
3575
800
3500
656
3500
0
3
2650
-1350
10000
3750
770
0
3500
1719
0
150
4550
4310
21558
1743
3500
3516
903
0
0
3575
3500
3500
3500
0
1350
1776
-4232
3775
0
3800
7200
0
3500
25900
3575
2625
3500
375
3575
2447
3650
3500
1020
0
3500
1764
937
2500
0
2575
4173
931
3500
6912
3575
25
3500
0
905
1119
13118
3500
3575
8225
3575
-1
0
7318
21569
31614
3208
0
4726
40
0
0
300
150
3450
0
3575
0
2346
-50
3500
9648
0
0
0
100
256
25
-2437
0
0
290
-163
3500
118009
3500
1188
1753
0
8900
8475
5
84
3575
0
3500
850
3575
91465
3500
189
59
3000
4148
3500
3500
0
1056
3725
0
0
0
0
3500
192
-775
200
3500
0
3472
0
3500
3500
0
9851
1219
0
0
0
0
0
544
3575
655
3360
16225
21
3360
2177
7500
1599
13
1075
9776
3500
12
0
0
1920
2359
10025
0
3500
2625
4878
2949
3500
3500
41
2445
68
-3925
646
11
3500
66
3575
0
3625
1950
0
829
0
11091
0
19634
3075
1922
945
44
3075
0
993
544
3500
3575
3500
1810
3725
237
5000
2150
1936
3500
1569
50
3725
0
0
6700
3500
3575
3575
175
622
463
0
0
0
3500
17
3575
750
80
3650
0
612
3575
1950
0
0
3500
0
3500
2539
0
0
3500
1704
2247
2050
3500
1056
337
0
3575
0
3500
3300
55
0
2393
3500
0
-2000
0
3500
0
0
0
6001
3575
0
15
3575
2125
3857
470
426
0
3500
3575
3375
0
-683
0
3875
8565
4450
2000
3850
300
718
0
122
3350
400
3650
3500
292
3500
0
472
3500
3500
3225
0
0
1
575
0
3500
0
2999
347
0
3500
3360
303
739
3500
1716
-9625
-318
3452
3575
3725
0
2358
0
3500
659
2043
482
50135
14259
3500
2551
2103
3575
3500
3650
839
331
-1
5015
3500
0
0
3650
0
192
4725
3575
0
3500
0
2554
23777
3500
8002
0
0
0
3500
0
17558
0
3075
4300
2300
125
390
2725
0
0
3500
1367
0
0
879
3575
3500
2838
2
3875
225
3575
3575
86
3500
300
0
1957
3235
3500
3504
3500
150
3575
3
125
1582
22
0
3575
907
0
2100
1008
3500
0
0
3500
16
1725
335
4931
3500
3575
4175
0
3500
3435
536
0
187
3875
-13997
28
3650
3650
4875
3406
3575
-989
8240
3226
13152
2950
0
3500
4496
0
3575
0
0
6508
0
64
0
3500
3575
0
373
0
3575
166
-361
690
3625
0
9849
0
0
0
4300
101993
0
18070
3575
3500
0
1128
1127
0
3575
0
1370
3500
0
3575
0
0
143
442
0
3650
3021
0
0
71576
573
0
-5450
0
3500
0
3650
1150
115
105
3500
190
4025
892
0
0
3500
0
0
3360
125
-140
3500
0
3575
0
3500
3500
3575
300
8750
4325
3500
7200
3575
3575
3575
708
3275
3500
0
3225
1050
3500
2
3575
2742
3500
3500
698
117
3500
3575
-104003
2691
0
81
0
-8383
-354
0
0
125
2525
325
3575
3500
447
2844
0
0
0
3275
0
3575
5162
3500
0
3275
3650
0
3650
0
521
3500
0
0
3500
4693
0
16204
3500
16800
118
3575
0
18296
385
3500
2286
2430
1882
914
773
3500
91
7200
3575
1125
0
4795
72
3425
3500
17697
-23470
3500
6108
1640
298
1000
3575
13851
3500
1250
-171
0
0
36
58813
6771
0
221
67
0
0
0
3500
0
0
0
3575
2466
1650
3360
3500
300
265
544
2242
3575
1276
0
0
3575
0
14127
3575
121036
3650
120
0
0
2041
3575
2935
0
800
3575
515
0
0
3500
3500
390
0
3500
3275
3575
15517
0
0
9
3683
3500
3650
0
375
0
12563
1825
175
0
2123
32940
6800
0
719
0
3374
3600
139975
500
3575
76
3575
28300
28
800
0
-4962
1418
3500
47
3500
741
3650
1066
6655
340
2250
3500
2875
0
3575
2800
3575
0
0
-71
3500
-17162
4832
6432
2136
1944
0
6916
0
6891
3500
-140
6162
3500
3500
3250
2350
2821
19988
3575
3500
7500
3150
12478
9
10422
0
0
240
3575
3500
0
3650
3500
3575
3575
1885
3650
0
3575
1736
3575
0
3500
3678
0
3575
2292
2875
2230
-124
1910
100
7500
3800
3500
3575
0
2215
0
3500
1625
500
3360
25333
800
857
56528
1834
0
319
0
0
3510
3500
2492
240
190
128
0
0
0
1900
0
0
-234
635
3575
0
31
1182
-273
0
3650
3500
0
2725
4758
3309
-13258
3500
0
0
4550
0
11300
3500
0
3575
3500
3500
0
975
0
88
11075
2725
7200
1140
3625
3575
0
0
7200
1885
0
6720
0
3050
174
5054
133575
3650
501
3500
112
0
3500
387
300
-57991
3575
2699
-6137
0
3500
0
725
40
0
3575
535
198
2725
275
3500
15504
155
201
73429
3575
3575
152856
0
3500
373
0
500
3575
3500
655
0
0
616
3652
9964
4003725
3500
1235
0
182
46096
0
0
1425
369
595
0
16230
0
2650
0
0
3575
0
485
0
0
0
3500
3500
895
0
547
0
0
3500
0
9912
10212
6460
0
3575
4034
1206
2880
3500
3650
421
2525
0
3575
3650
0
650
3500
1034
8203
0
3375
3500
0
4192
35
0
0
0
3432
4664
0
0
3504
3500
3500
1
3500
3600
0
0
0
0
2260
3475
261
3500
3500
3500
6873
159
0
2293
3500
182
3500
3500
3575
2025
3575
3500
3725
3100
0
3575
75
153
7200
3500
3966
0
3575
982
0
4201
3360
0
17
0
0
0
0
0
0
2591
3275
4661
3575
18137
408
27
0
3575
3424
0
3504
0
-260
228
3500
0
88055
0
1113
1060
7500
720
2175
2427
0
-1361
420
3575
2000
3100
125
3500
830
0
3500
1942
1223
3167
190
3575
2575
3650
439
0
3500
477
3500
0
1515
0
3500
1229
3500
0
0
0
0
3575
26775
5075
48530
0
0
0
0
0
10782
4100
3500
2184
881719900
237
0
158
0
3650
3575
1644
3360
0
413
3500
3575
3575
0
0
0
0
0
1349
2050
2302
3966
3500
0
3575
3500
0
3360
2575
1792
0
181
0
241
-19
0
6603
50
150
4950
3575
0
3500
2650
1250
0
3500
2848
3575
0
0
-213
1112
33
0
3575
3575
3500
13941
529
0
460
1591
3575
11193
980
11229
1372
124
2575
0
0
216
3150
0
0
0
3200
3500
0
0
10007
29
3500
3868
2055
7200
557
78
3500
2975
12143
3500
3575
3500
3575
10212
3500
3500
3650
0
75
30991
0
3000
1364
0
4487
3500
3575
2778
519
3575
3500
3360
0
253
0
81
850
1
3500
3500
6275
3360
408
3500
0
3500
0
68
3650
3725
3650
36864
6684
-3425
0
44671
2300
1364
75
3360
0
3225
834
1336
3500
3150
692
1450
94
0
3650
1426
140
3450
400
3575
75
3500
1600
3500
0
103
110
1370
400
0
263
875
0
0
2264
261
3500
253
3029
0
2160
4906
3575
1419
3646
1339
39
0
50
3465
4100
0
1056
485
3600
3375
3500
684
500
0
3360
2025
5
1250
765
2859
3050
3500
3875
3100
0
813
3575
0
3500
6046
17834
3901
11335
3735
3360
0
41
900
0
0
721
3500
170
7200
0
2947
2650
3500
3500
-1250
187
5445
0
0
0
7037
0
3500
39
109
0
280
0
9208
-1090143
3500
3500
4100
143
955
3500
0
4811
88
534
3575
0
10906
125
0
1659
169
0
72
1721
0
3575
0
0
247
550
3500
0
3575
15850
0
3500
52
3575
2498
8798
545
7457
2647
3100
0
32430
3575
3500
2875
-426
3500
3360
3500
65
0
50374
0
0
63
0
0
0
2098
500
454
3500
0
0
2710
3025
6718
4033
3086
35336
-219
3300
879
0
3650
0
24
73
0
3175
100
797
0
3575
0
1775
160
0
-525
3575
178
629
3500
0
0
3575
975
3500
0
0
0
15
3575
3875
3500
3500
3360
63
174
3500
95
450
0
2020
3500
3500
6635
1075
0
0
14556
90310
825
0
3360
3500
2
3136
3575
3360
3500
3360
0
412
0
3500
3500
0
171
378
154600
3500
6950
3500
0
46045
3500
26755
0
323
3650
0
3500
3500
1197
3575
3123
0
3525
1444
339
0
3575
3500
18056
0
0
0
0
1400
-6100
0
3575
46556
318
3500
8809
3141
2775
209
2118
3025
271
11141
3500
390
3575
3575
110
-300
3500
23400
0
3360
0
0
3500
0
2675
0
0
0
0
335
3600
3575
3500
0
3575
370
6906
761
13778
0
484
0
35
21594
250
0
46
3500
-1393
3575
62535
0
3575
10
0
160
0
0
2527
59
3500
501
0
3500
0
3360
3432
3575
0
0
0
150
0
3183
3075
54
0
4616
3650
1331
3579
3650
1625
3575
11382
0
5380
0
0
3500
3175
-88
0
0
0
0
3500
0
7400
697
0
3773
5375
475
0
367
8920
3225
3575
4743
3650
3550
4021
3575
77
291
6807
307
2112
435
59536
3650
3500
0
1843
4400
3360
0
0
2368
921
17879
1317
0
0
0
0
0
3500
4014
3575
0
2725
821
38
3755
203
3500
1787
0
3650
2242
0
-100
17
3075
3500
0
3500
3560
0
15
0
150
2425
0
2100
0
3275
0
6160
285
3792
3500
200
3575
7
0
3575
3252
3292
3500
1730
3650
3650
21776
4275
3500
0
3500
3725
0
3360
15815
3432
0
3500
3725
714
3100
1850
5730
7813
465
450
3650
25403
3575
3500
0
3810
0
3575
1825
3360
3500
0
20
3408
6857
8533
3575
75
0
781
21835
8666
3500
647
2940
3575
0
0
3360
0
0
450
6651
2953
4957
30034
300
0
18132
3475
3500
3325
75
3360
0
3600
7200
750
0
24850
12146
3875
56294
690
2950
3227
23942
325
3500
2899
0
2085
3500
0
3575
0
100
0
7100
3360
0
3575
3500
3500
3575
1589
866
1285
1598
0
9634
3500
0
3500
6701
150
7200
3500
2500
555
2150
4995
0
19984
0
2825
2878
9400
141
0
1163
3500
0
0
5400
0
3360
40
-95
3675
656
3360
2295
3575
471
0
2510
3225
7200
0
3500
677
0
0
1716
0
7200
8189
3575
0
2875
3500
3575
3800
1850
990
0
0
0
200
745
1468
2725
194
0
1038
2800
29
3007
0
3575
3500
185
0
123
3500
0
158
3500
400
0
3575
3153
3500
0
3650
0
982
8117
3500
375
6033
3575
-12135
178
0
0
0
3500
0
0
3168
3500
0
4525
46241
1116
1119
3575
3500
0
3225
1642
390
3575
3950
-340
0
25
650
3110
0
0
3500
11598
3575
3650
0
12509
3575
-1
3500
3500
536
0
2675
3575
390
0
0
1512
3500
0
3360
2522
3575
3500
0
12407
0
3575
3416
2475
3575
0
3575
0
13697
14632
235
0
0
3850
18043
0
0
75
23519
3500
3249
8175
3575
651
3360
1
3800
0
3800
0
3582
2236
450
617
57
3575
1382
0
667
3500
0
0
3575
1045
11375
7200
3575
755
48117
242
82
3500
79
961
0
3575
32
3500
0
0
3500
3575
3575
0
3650
3575
0
382
392
3500
0
3500
300
3500
2725
7085
1356
3360
0
3575
0
0
86
0
250
0
0
13794
2025
0
0
3500
475
5931
1201
300
8401
0
3500
4900
2960
101
1915
3500
3179
2875
1162
232
0
3360
7
35
0
3500
220
3700
3575
4561
251
408
16449
3507
3500
3100
3650
6821
0
0
20727
3650
200
0
3500
2225
3500
2650
1900
59332
0
29
0
1800
2650
-130
126
621
3500
8
0
0
0
3575
350
0
25
3500
14253
0
1575
3500
3500
3650
3575
751
13238
3500
3500
-531
3500
4493
7200
7405
85
3360
3500
506
8034
250
0
0
3500
1450
2700
3500
3500
0
0
211
335
2375
363
706
0
3038
9765
50
3575
707
0
0
3575
3575
-20021
166
3650
113
3325
3575
3575
233
3575
0
373
0
236
74
3500
0
3500
0
34
3575
0
0
0
3575
3500
22766
0
3150
9928
250
3575
725
3500
496
175
85
0
988
66
80
3875
3500
1072
0
1016
925
0
9594
0
3500
0
0
3360
2050
11
66
0
0
568
3360
7555
5375
0
2913
7200
3500
0
485
75
3500
2926
0
0
7022
0
2557
3432
-1327
3340
404
3500
3500
3575
7893
0
3425
171
788
3500
3575
2575
0
3575
110
6720
3500
0
508494
0
735
2685
1352
3500
3500
3500
5467
0
7200
1025
4218
4259
1521
36
1680
0
781
150
68
0
716
114
3507
9105
3500
0
2206
0
3650
5229
3360
3575
8952
1650
3500
610
3500
35
3575
5707
3500
81
3500
1763
300
66
3360
0
144
105
3500
3575
3500
2752
3425
386
1950
304
3800
125
0
0
150
3500
3500
-14
6208
67
7760
3500
3500
59776
475
3650
3575
3500
2575
3575
12159
3025
3575
0
5
205
108
344
2650
3500
747
91416
0
3500
0
133
3500
0
3500
0
3651
155
3575
9406
11675
3475
1892
3500
3575
0
-20472
3950
0
20
496
0
0
0
0
220
3575
2350
-7415
3500
3500
2800
102
1615
0
0
3000
0
0
0
0
2873
0
3500
90
0
1950
77
0
3650
0
1000
0
0
3850
11362
0
3360
3148
277
1474
0
3575
6963
0
2070
8484
0
3950
0
306
400
0
0
154
0
34
0
3500
3500
0
91113
3075
11056
3500
125
2953
-87867
3500
478
76
2575
3500
3500
7274
435
0
3500
3500
17319
0
3575
0
3053
20094
5363
274
3575
3500
1525
0
2084
3800
-90
3152
3225
0
7500
102
0
597
8375
286
3575
1000
3575
2950
0
3575
3575
3500
3360
1292
3500
0
2119
709
6549
3500
2558
2688
185
3575
3800
0
0
950
4538
-15102
0
0
3500
0
3500
19
0
3000
3575
12982
3594
3650
0
0
0
0
1793
0
3500
3500
3500
3575
0
0
0
27558
0
4075
2485
0
3575
3575
0
3650
4000
3500
150
35135
3500
-5567
610
3500
0
1260
3575
3575
93
2400
3500
310
254
1327
0
-5028
0
0
3500
0
0
3500
-1875
0
61
0
977
0
0
0
3500
4025
0
5560
27
0
0
0
3500
0
225
350
0
3500
3650
3650
3575
3725
0
0
11
0
3575
0
3800
-10075
0
1775
0
4025
838
2850
0
-19588
0
0
0
385
50
1000
26
-1025
3575
0
1729
593
0
0
5595
275
3575
3500
0
3500
526
2575
0
0
3500
0
0
3650
552
3575
0
0
2200
0
-275
3650
3575
0
0
26
3220
-2530
3500
3500
3575
0
0
3500
1766
3500
1717
2575
3500
3575
0
3500
0
0
0
0
3650
3775
3500
70
0
3575
0
5600
0
3500
20200
42
3500
3575
3500
3483
0
3650
3500
3500
3360
3575
0
0
230
3350
3575
2650
90
0
0
3575
1875
3500
0
3500
0
3575
1000
0
3650
0
146
0
3725
3500
3575
0
7200
3500
143
1829
3500
3500
3500
-67150
3800
1856
3725
-1750
3500
0
1243
1025
3500
0
0
3575
0
-5809
0
3300
800
0
0
3500
0
0
5667
4325
3575
8610
4560
2350
0
0
0
3575
3600
3500
2171
419
0
3500
75
0
66516
0
371
2250
3500
0
3575
0
3575
3775
350
0
558
3575
0
0
278
813
1108
19608
3500
96
3500
3575
0
0
3650
3500
750
869
150
584
0
336
3575
3500
3575
0
3500
8343
0
400
0
1195
7
4025
0
-4246
0
0
0
3200
3575
2061
3500
62199
0
3500
3500
0
3500
0
7008
200
3198
2725
0
2125
0
3500
0
945
0
0
3500
0
123
166
957
3950
0
0
0
380
542
0
500
3500
9330
0
2575
3500
3500
0
3500
3575
3575
3150
6082
0
0
0
0
3543
3500
3725
0
3575
3575
926
3725
625
25
3328
0
544
3500
0
0
0
3500
499
3500
0
1988
0
697
3825
0
3500
0
1775
0
0
0
2700
0
3575
0
3500
0
3500
3500
-3691
0
1540
0
7919
-122
0
89
0
3575
0
4400
0
3500
1008
0
529
784
10367
3500
37
3575
3500
3800
3575
0
22759
3350
5000
3450
0
0
3500
50
2775
978
0
-3
3500
737
2832
1571
4821
3650
3575
0
7300
0
0
1800
0
3575
3500
125
3500
8213
3575
0
597
3500
0
35
-9
0
0
0
3575
25
0
0
1797
4662
3500
126
0
125
0
3575
3467
87
3500
3650
8100
0
3575
0
0
0
3500
3500
3500
3575
3575
65
3575
125
0
3500
3500
2800
-50
29
344
3500
0
4135
3500
3575
9090
50
2875
3575
0
98
3650
-3625
3500
3650
587
3500
3650
3500
0
3575
200
3500
1500
804
210
778
225
3500
3500
0
0
1875
3500
6366
-3090
0
3500
368
3500
3400
1084
3207
3575
0
3400
3320
3500
3591
0
3500
0
0
128
3575
0
0
3500
1410
0
6556
-1400
3575
5500
3575
828
1175
0
3500
3500
0
853
0
1604
3650
3650
0
3575
0
3575
3500
3500
-2332
1875
3650
8171
0
3650
128
230
75
3575
4547
-199
3575
13999
3500
921
3575
0
3575
4250
0
3500
0
3500
3100
569
301
146157
2650
3700
2616
340
328
2650
584
3575
3575
0
7200
40030
2225
3575
1596
0
2216
0
4729
3575
0
0
101
3575
3800
0
-412
0
3500
6799
3575
1567
3025
465
0
3500
3500
3500
17101
3500
0
-1773
2500
1770
2395
0
2211
0
2650
3575
0
0
0
275
0
0
3000
3500
582
3575
3575
3500
2022
3650
2575
3500
661
24126
0
380
3500
0
0
786
0
366
3500
29773
0
0
216
2242
0
3575
0
0
0
3500
1704
9314
3500
200
0
3825
2725
916
0
3500
1100430
100
0
3575
0
3500
13711
12868
2
631
3575
0
0
3575
0
648
1983
3625
33
800
1160
0
-4325
3175
90
3500
0
0
968
3575
3360
4042
2700
0
3575
614
3307
17000
350
3500
10911
3575
104
3500
7200
3500
0
0
41
7500
317
3500
696
7200
0
5967
0
-134
2075
0
3725
1290
0
0
3950
495
0
3500
1280
104
5427
3500
0
0
3500
0
0
3500
0
3500
3500
970
3400
2391
30
3650
1861
3650
2625
5835
63593
3500
1991
810
2400
0
4190
650
0
3500
11483
871
0
3575
0
3500
0
0
0
3504
0
3050
0
2565
3575
3575
3575
321
1497
55
5525
481
154
2250
360
0
-100
291
3650
0
347
75
3500
25
0
240
15
350
38
0
3500
3575
5700
500
3500
91
1341
727
3200
1650
77
3500
3575
3360
6
3500
3725
0
17674
1000
700
0
3582
3500
1025
0
-639
1290
3400
3575
2676
0
0
6528
22326
3414
5015
364
3575
953
588
7200
3725
0
5603
240
3500
0
3500
641
3500
75
2784
0
1082
938
3725
-288
0
0
3575
301
50
0
-34770
0
0
131
-1
14
98
1654
1800
3500
3
133
0
3500
0
125
3650
1360
3500
3500
3000
0
229
3575
3575
0
3500
5
3500
3500
1977
0
174
91
0
175
3800
3650
66
3725
482
3500
0
2179
4788
0
3500
0
-426
44418
810
1800
3575
3575
2400
5148
3500
55863
700
0
2650
3513
3874
3500
992
134
0
32855
10344
3650
75
0
60
3500
102
0
300
3400
2747
180
250
0
1874
3360
6784
21834
3500
51779
3575
6785
0
150
3423
0
3500
0
3360
0
5294
1618
5643
9842
7876
150
5257
336
33
395
6545
3500
301
338
3500
0
312
3500
100
3500
3725
0
634
100
4728
1690
1225
3575
3517
6127
3225
1875
0
3250
380
0
0
2575
87
1542
90
305
21
-8500
0
2875
577
46
-1425
3084
36955
8628
832
525
0
16441
7725
20993
3650
521
3575
0
3875
6208
0
760
0
5259
0
2868
0
0
414
175
0
3500
17776
825
0
3067
0
3500
450
250
1233
1500
0
0
3925
0
3275
3500
3325
10418
0
5302
978
981
0
2009
0
3575
0
180
1485
420875
3400
0
275
6613
0
58
-225
1725
0
0
1322
686
0
126
149
0
2400
2560
27737
33
1585668
3500
2197
2464
2650
0
650
3500
11500
3500
3432
235
3425
867
171
0
4500
-5228
375
0
3984
5759
55
165
0
0
3500
1161
2265
0
525
601
0
3575
3575
0
902
3500
500
0
3333
0
100
101
2394
0
0
2691
0
0
75
0
2650
-3244
1500
757
7200
1341
193
-7213
10408
0
0
5272
0
61
0
37538
0
-12069
5
0
0
2790
0
4239
6900
68975
3504
0
0
943
3575
0
0
-6085
300
2
3606
0
1200
0
3500
224
14844
0
3575
0
3575
3575
1051
6428
0
5392
0
0
3300
59871
3547989
7200
0
1575
3500
367
1488
3848
200
4402
17
3500
2100
3650
519
3575
0
216
462
0
2206
9232
380
4011
2200
7200
3500
55082
3500
800
600
0
405
2725
0
3500
1665
3575
3575
0
3575
2414
3650
3500
0
3575
3500
1021
364
0
0
1319
-2709
2175
5914
4943
0
1365
0
1664
0
900
6194
3500
8153
132
3575
3500
0
1161
1731
2750
0
1013
3500
540
3650
3575
35
3157
4745
3725
0
50
0
3650
1012
1178
0
0
6383
2
5823
0
3650
1099
3575
43
0
651
0
2725
685
1600
12596
3500
3575
-82
1889
2598
7200
1000
4782
3549
3500
0
0
3800
0
8296
0
0
11954
3500
1800
1731
0
3650
517
1175
0
3575
1275
45
0
3500
0
3575
-1
0
0
3725
3500
3575
3625
0
1800
0
5793
3500
1093
3500
-390
-287
907
0
2355
0
3500
0
3500
4100
3450
5
3575
3650
3575
600
4164
3575
330
100
0
3500
3500
84697
-30
3500
0
0
0
1786
3650
0
2071
662
0
305
215
3500
3102
296
3575
3575
3850
18061
0
0
0
3500
7200
3225
0
3375
16
2690
1839
3575
0
3500
5630
16
0
1300
2906
4635
54
26575
1025
3575
33
975
22
0
3500
3150
0
3500
3500
3500
4
0
3500
1925
2575
316
865
3500
830
3150
0
3175
-1897
0
7350
169
2250
7680
3500
2575
517
104
984
3575
0
264
0
3403
3500
0
30
3500
3575
3575
3575
0
3500
900
5775
975
2275
26
410
3360
0
5561
3500
3225
274
3650
7472
0
44
202
0
0
3725
3500
3500
0
3500
406
0
5415
77500
0
0
89
300
2105
0
0
1600
3500
418
87
3500
741
226
4179
88
3800
0
3500
0
2465
226
0
5975
3500
82
662
3500
41
3575
3500
498
479
2875
1065
11702
0
0
3500
2793
3225
0
3500
3500
2625
3500
3500
2400
1075
0
3500
3500
3500
380
0
3500
4439
0
3375
2725
0
3725
2
1999
3500
0
0
3500
300
0
26357
0
0
183919
90
319
0
3360
3575
3650
-3919
3650
0
3500
3500
118
59
0
2575
524
3360
124
0
3500
155
1075
1950
3650
210
3575
666
0
3360
3575
57
1875
0
3575
3500
75002
3500
3650
2650
9687
3500
2575
245
3500
127
1244
0
100
552
3650
3366
300
439
1847
3500
3575
0
3500
3575
0
4250
8101
3500
2503
278
0
3360
0
6119
416
25779
3500
0
18
3575
3500
5980
0
0
3500
3650
3275
3650
145
3575
5000
1850
-100
0
126
3500
281
241
2733
1414
295
3500
675
253
3500
41
3875
2903
258
1495
15
0
3650
2430
5947
3500
3575
0
0
409
3575
0
-157
694
0
3500
3650
875
0
6011
3500
0
2087
3575
303
1675
3500
3575
115
45
3500
0
0
75
3650
3500
0
0
800
0
3075
3353
3360
182
220
3500
1178
238
5526
3650
3575
619
2925
3050
1990
3575
3575
225
3500
-7245
165
600
3174
0
2807
3675
3360
3500
3500
0
3725
932
3700
3500
905
3500
3500
7200
1220
693
281
0
3500
0
1442
100
0
0
3375
1245
12966
0
0
3500
592
3092
-283
0
0
0
119
2650
3175
0
155
0
0
0
0
0
708
0
103
24
0
48527
3500
5330
970
3300
3500
184
3575
3575
0
3650
3500
2378
3500
2906
-15095
90446
0
0
3500
3500
3500
26401
0
2979
30
1352
3500
3575
3575
3500
163305
0
2619
0
47122
350
2968
0
2225
44601
851
2276
535
3650
2076
0
0
0
32
175
52477
0
0
3025
0
20411
335
1010
-353
4100
176
3500
4650
1658
2650
0
3500
0
0
3507
3575
3475
3725
4194
304
860
3075
0
0
6
3825
0
44231
3360
0
0
2473
0
3500
4934
0
70
3575
3500
3500
3500
113
3403
16480
0
297
150
529
3360
1190
61
0
3800
70
0
4224
3650
1150
300
1854
738
7200
2575
0
120
3317
0
0
0
3500
1080
13324
0
3257
273
0
1813
50
3575
3500
0
5442
0
4800
3575
3500
0
0
0
3100
3575
0
3500
3500
20
0
0
3500
0
93605
275
1577
3850
153
0
3500
0
0
3500
3598
0
160
16350
4780
2543
3575
3500
0
3277
26478
3650
4550
3500
3500
1308
3500
3650
0
75
3575
567
125
3100
0
4375
0
3575
7936
3650
3
31543
115
0
3500
3500
554
1229
0
3069
2048
0
1989
3575
230
83
48750
3500
0
0
621
19152
0
4175
0
1675
3500
3500
1606477
432340
69286
253737
1212
288359
448129
4835
381196
167078254
105165
133
254
482853
144736
64547
243342
730199
8531421
620500
558988
341925
6325
2850
385695
